-1500	200
-1500.32	200
-1503.27	199.82
-1505.36	199.65
-1507.06	199.47
-1508.54	199.3
-1509.86	199.12
-1511.06	198.94
-1512.17	198.77
-1513.21	198.59
-1514.19	198.42
-1515.12	198.24
-1516.01	198.07
-1516.85	197.89
-1517.66	197.72
-1518.44	197.54
-1519.2	197.37
-1519.93	197.19
-1520.63	197.01
-1521.32	196.84
-1521.99	196.66
-1522.64	196.49
-1523.27	196.31
-1523.89	196.14
-1524.49	195.96
-1525.08	195.79
-1525.66	195.61
-1526.22	195.43
-1526.78	195.26
-1527.32	195.08
-1527.86	194.91
-1528.38	194.73
-1528.9	194.56
-1529.4	194.38
-1529.9	194.21
-1530.39	194.03
-1530.87	193.86
-1531.35	193.68
-1531.82	193.5
-1532.28	193.33
-1532.73	193.15
-1533.18	192.98
-1533.63	192.8
-1534.06	192.63
-1534.5	192.45
-1534.92	192.28
-1535.34	192.1
-1535.76	191.92
-1536.17	191.75
-1536.57	191.57
-1536.98	191.4
-1537.37	191.22
-1537.77	191.05
-1538.15	190.87
-1538.54	190.7
-1538.92	190.52
-1539.29	190.35
-1539.67	190.17
-1540.04	189.99
-1540.4	189.82
-1540.76	189.64
-1541.12	189.47
-1541.48	189.29
-1541.83	189.12
-1542.18	188.94
-1542.52	188.77
-1542.86	188.59
-1543.2	188.41
-1543.54	188.24
-1543.87	188.06
-1544.2	187.89
-1544.53	187.71
-1544.85	187.54
-1545.18	187.36
-1545.5	187.19
-1545.81	187.01
-1546.13	186.84
-1546.44	186.66
-1546.75	186.48
-1547.06	186.31
-1547.36	186.13
-1547.66	185.96
-1547.97	185.78
-1548.26	185.61
-1548.56	185.43
-1548.85	185.26
-1549.15	185.08
-1549.44	184.9
-1549.72	184.73
-1550.01	184.55
-1550.29	184.38
-1550.58	184.2
-1550.86	184.03
-1551.13	183.85
-1551.41	183.68
-1551.69	183.5
-1551.96	183.33
-1552.23	183.15
-1552.5	182.97
-1552.77	182.8
-1553.03	182.62
-1553.3	182.45
-1553.56	182.27
-1553.82	182.1
-1554.08	181.92
-1554.34	181.75
-1554.59	181.57
-1554.85	181.39
-1555.1	181.22
-1555.35	181.04
-1555.6	180.87
-1555.85	180.69
-1556.1	180.52
-1556.35	180.34
-1556.59	180.17
-1556.83	179.99
-1557.08	179.82
-1557.32	179.64
-1557.55	179.46
-1557.79	179.29
-1558.03	179.11
-1558.26	178.94
-1558.5	178.76
-1558.73	178.59
-1558.96	178.41
-1559.19	178.24
-1559.42	178.06
-1559.65	177.88
-1559.88	177.71
-1560.1	177.53
-1560.33	177.36
-1560.55	177.18
-1560.77	177.01
-1560.99	176.83
-1561.21	176.66
-1561.43	176.48
-1561.65	176.31
-1561.86	176.13
-1562.08	175.95
-1562.29	175.78
-1562.51	175.6
-1562.72	175.43
-1562.93	175.25
-1563.14	175.08
-1563.35	174.9
-1563.56	174.73
-1563.76	174.55
-1563.97	174.37
-1564.18	174.2
-1564.38	174.02
-1564.58	173.85
-1564.78	173.67
-1564.99	173.5
-1565.19	173.32
-1565.39	173.15
-1565.58	172.97
-1565.78	172.8
-1565.98	172.62
-1566.17	172.44
-1566.37	172.27
-1566.56	172.09
-1566.76	171.92
-1566.95	171.74
-1567.14	171.57
-1567.33	171.39
-1567.52	171.22
-1567.71	171.04
-1567.9	170.86
-1568.09	170.69
-1568.27	170.51
-1568.46	170.34
-1568.64	170.16
-1568.83	169.99
-1569.01	169.81
-1569.19	169.64
-1569.37	169.46
-1569.56	169.28
-1569.74	169.11
-1569.91	168.93
-1570.09	168.76
-1570.27	168.58
-1570.45	168.41
-1570.63	168.23
-1570.8	168.06
-1570.98	167.88
-1571.15	167.71
-1571.32	167.53
-1571.5	167.35
-1571.67	167.18
-1571.84	167
-1572.01	166.83
-1572.18	166.65
-1572.35	166.48
-1572.52	166.3
-1572.69	166.13
-1572.85	165.95
-1573.02	165.77
-1573.19	165.6
-1573.35	165.42
-1573.52	165.25
-1573.68	165.07
-1573.84	164.9
-1574.01	164.72
-1574.17	164.55
-1574.33	164.37
-1574.49	164.2
-1574.65	164.02
-1574.81	163.84
-1574.97	163.67
-1575.13	163.49
-1575.29	163.32
-1575.44	163.14
-1575.6	162.97
-1575.76	162.79
-1575.91	162.62
-1576.07	162.44
-1576.22	162.26
-1576.37	162.09
-1576.53	161.91
-1576.68	161.74
-1576.83	161.56
-1576.98	161.39
-1577.13	161.21
-1577.28	161.04
-1577.43	160.86
-1577.58	160.69
-1577.73	160.51
-1577.88	160.33
-1578.03	160.16
-1578.17	159.98
-1578.32	159.81
-1578.46	159.63
-1578.61	159.46
-1578.75	159.28
-1578.9	159.11
-1579.04	158.93
-1579.19	158.75
-1579.33	158.58
-1579.47	158.4
-1579.61	158.23
-1579.75	158.05
-1579.89	157.88
-1580.03	157.7
-1580.17	157.53
-1580.31	157.35
-1580.45	157.18
-1580.59	157
-1580.73	156.82
-1580.86	156.65
-1581	156.47
-1581.14	156.3
-1581.27	156.12
-1581.41	155.95
-1581.54	155.77
-1581.68	155.6
-1581.81	155.42
-1581.94	155.24
-1582.07	155.07
-1582.21	154.89
-1582.34	154.72
-1582.47	154.54
-1582.6	154.37
-1582.73	154.19
-1582.86	154.02
-1582.99	153.84
-1583.12	153.67
-1583.25	153.49
-1583.38	153.31
-1583.5	153.14
-1583.63	152.96
-1583.76	152.79
-1583.88	152.61
-1584.01	152.44
-1584.14	152.26
-1584.26	152.09
-1584.39	151.91
-1584.51	151.73
-1584.63	151.56
-1584.76	151.38
-1584.88	151.21
-1585	151.03
-1585.13	150.86
-1585.25	150.68
-1585.37	150.51
-1585.49	150.33
-1585.61	150.16
-1585.73	149.98
-1585.85	149.8
-1585.97	149.63
-1586.09	149.45
-1586.21	149.28
-1586.32	149.1
-1586.44	148.93
-1586.56	148.75
-1586.68	148.58
-1586.79	148.4
-1586.91	148.22
-1587.02	148.05
-1587.14	147.87
-1587.25	147.7
-1587.37	147.52
-1587.48	147.35
-1587.6	147.17
-1587.71	147
-1587.82	146.82
-1587.93	146.65
-1588.05	146.47
-1588.16	146.29
-1588.27	146.12
-1588.38	145.94
-1588.49	145.77
-1588.6	145.59
-1588.71	145.42
-1588.82	145.24
-1588.93	145.07
-1589.04	144.89
-1589.15	144.71
-1589.26	144.54
-1589.36	144.36
-1589.47	144.19
-1589.58	144.01
-1589.69	143.84
-1589.79	143.66
-1589.9	143.49
-1590	143.31
-1590.11	143.13
-1590.21	142.96
-1590.32	142.78
-1590.42	142.61
-1590.53	142.43
-1590.63	142.26
-1590.73	142.08
-1590.84	141.91
-1590.94	141.73
-1591.04	141.56
-1591.14	141.38
-1591.25	141.2
-1591.35	141.03
-1591.45	140.85
-1591.55	140.68
-1591.65	140.5
-1591.75	140.33
-1591.85	140.15
-1591.95	139.98
-1592.05	139.8
-1592.15	139.62
-1592.24	139.45
-1592.34	139.27
-1592.44	139.1
-1592.54	138.92
-1592.63	138.75
-1592.73	138.57
-1592.83	138.4
-1592.92	138.22
-1593.02	138.05
-1593.11	137.87
-1593.21	137.69
-1593.3	137.52
-1593.4	137.34
-1593.49	137.17
-1593.59	136.99
-1593.68	136.82
-1593.77	136.64
-1593.87	136.47
-1593.96	136.29
-1594.05	136.11
-1594.14	135.94
-1594.24	135.76
-1594.33	135.59
-1594.42	135.41
-1594.51	135.24
-1594.6	135.06
-1594.69	134.89
-1594.78	134.71
-1594.87	134.54
-1594.96	134.36
-1595.05	134.18
-1595.14	134.01
-1595.23	133.83
-1595.31	133.66
-1595.4	133.48
-1595.49	133.31
-1595.58	133.13
-1595.67	132.96
-1595.75	132.78
-1595.84	132.6
-1595.93	132.43
-1596.01	132.25
-1596.1	132.08
-1596.18	131.9
-1596.27	131.73
-1596.35	131.55
-1596.44	131.38
-1596.52	131.2
-1596.61	131.03
-1596.69	130.85
-1596.77	130.67
-1596.86	130.5
-1596.94	130.32
-1597.02	130.15
-1597.1	129.97
-1597.19	129.8
-1597.27	129.62
-1597.35	129.45
-1597.43	129.27
-1597.51	129.09
-1597.59	128.92
-1597.67	128.74
-1597.75	128.57
-1597.83	128.39
-1597.91	128.22
-1597.99	128.04
-1598.07	127.87
-1598.15	127.69
-1598.23	127.52
-1598.31	127.34
-1598.39	127.16
-1598.47	126.99
-1598.54	126.81
-1598.62	126.64
-1598.7	126.46
-1598.78	126.29
-1598.85	126.11
-1598.93	125.94
-1599	125.76
-1599.08	125.58
-1599.16	125.41
-1599.23	125.23
-1599.31	125.06
-1599.38	124.88
-1599.46	124.71
-1599.53	124.53
-1599.61	124.36
-1599.68	124.18
-1599.75	124.01
-1599.83	123.83
-1599.9	123.65
-1599.97	123.48
-1600.05	123.3
-1600.12	123.13
-1600.19	122.95
-1600.26	122.78
-1600.34	122.6
-1600.41	122.43
-1600.48	122.25
-1600.55	122.07
-1600.62	121.9
-1600.69	121.72
-1600.76	121.55
-1600.83	121.37
-1600.9	121.2
-1600.97	121.02
-1601.04	120.85
-1601.11	120.67
-1601.18	120.5
-1601.25	120.32
-1601.32	120.14
-1601.39	119.97
-1601.45	119.79
-1601.52	119.62
-1601.59	119.44
-1601.66	119.27
-1601.72	119.09
-1601.79	118.92
-1601.86	118.74
-1601.92	118.56
-1601.99	118.39
-1602.06	118.21
-1602.12	118.04
-1602.19	117.86
-1602.25	117.69
-1602.32	117.51
-1602.38	117.34
-1602.45	117.16
-1602.51	116.99
-1602.58	116.81
-1602.64	116.63
-1602.71	116.46
-1602.77	116.28
-1602.83	116.11
-1602.9	115.93
-1602.96	115.76
-1603.02	115.58
-1603.09	115.41
-1603.15	115.23
-1603.21	115.05
-1603.27	114.88
-1603.33	114.7
-1603.4	114.53
-1603.46	114.35
-1603.52	114.18
-1603.58	114
-1603.64	113.83
-1603.7	113.65
-1603.76	113.47
-1603.82	113.3
-1603.88	113.12
-1603.94	112.95
-1604	112.77
-1604.06	112.6
-1604.12	112.42
-1604.18	112.25
-1604.24	112.07
-1604.3	111.9
-1604.35	111.72
-1604.41	111.54
-1604.47	111.37
-1604.53	111.19
-1604.59	111.02
-1604.64	110.84
-1604.7	110.67
-1604.76	110.49
-1604.81	110.32
-1604.87	110.14
-1604.93	109.96
-1604.98	109.79
-1605.04	109.61
-1605.1	109.44
-1605.15	109.26
-1605.21	109.09
-1605.26	108.91
-1605.32	108.74
-1605.37	108.56
-1605.43	108.39
-1605.48	108.21
-1605.53	108.03
-1605.59	107.86
-1605.64	107.68
-1605.7	107.51
-1605.75	107.33
-1605.8	107.16
-1605.86	106.98
-1605.91	106.81
-1605.96	106.63
-1606.01	106.45
-1606.07	106.28
-1606.12	106.1
-1606.17	105.93
-1606.22	105.75
-1606.27	105.58
-1606.33	105.4
-1606.38	105.23
-1606.43	105.05
-1606.48	104.88
-1606.53	104.7
-1606.58	104.52
-1606.63	104.35
-1606.68	104.17
-1606.73	104
-1606.78	103.82
-1606.83	103.65
-1606.88	103.47
-1606.93	103.3
-1606.98	103.12
-1607.03	102.94
-1607.08	102.77
-1607.13	102.59
-1607.17	102.42
-1607.22	102.24
-1607.27	102.07
-1607.32	101.89
-1607.37	101.72
-1607.41	101.54
-1607.46	101.37
-1607.51	101.19
-1607.56	101.01
-1607.6	100.84
-1607.65	100.66
-1607.7	100.49
-1607.74	100.31
-1607.79	100.14
-1607.83	99.96
-1607.88	99.79
-1607.93	99.61
-1607.97	99.43
-1608.02	99.26
-1608.06	99.08
-1608.11	98.91
-1608.15	98.73
-1608.2	98.56
-1608.24	98.38
-1608.28	98.21
-1608.33	98.03
-1608.37	97.86
-1608.42	97.68
-1608.46	97.5
-1608.5	97.33
-1608.55	97.15
-1608.59	96.98
-1608.63	96.8
-1608.68	96.63
-1608.72	96.45
-1608.76	96.28
-1608.8	96.1
-1608.85	95.92
-1608.89	95.75
-1608.93	95.57
-1608.97	95.4
-1609.01	95.22
-1609.06	95.05
-1609.1	94.87
-1609.14	94.7
-1609.18	94.52
-1609.22	94.35
-1609.26	94.17
-1609.3	93.99
-1609.34	93.82
-1609.38	93.64
-1609.42	93.47
-1609.46	93.29
-1609.5	93.12
-1609.54	92.94
-1609.58	92.77
-1609.62	92.59
-1609.66	92.41
-1609.7	92.24
-1609.74	92.06
-1609.77	91.89
-1609.81	91.71
-1609.85	91.54
-1609.89	91.36
-1609.93	91.19
-1609.97	91.01
-1610	90.84
-1610.04	90.66
-1610.08	90.48
-1610.12	90.31
-1610.15	90.13
-1610.19	89.96
-1610.23	89.78
-1610.26	89.61
-1610.3	89.43
-1610.34	89.26
-1610.37	89.08
-1610.41	88.9
-1610.45	88.73
-1610.48	88.55
-1610.52	88.38
-1610.55	88.2
-1610.59	88.03
-1610.62	87.85
-1610.66	87.68
-1610.69	87.5
-1610.73	87.33
-1610.76	87.15
-1610.8	86.97
-1610.83	86.8
-1610.87	86.62
-1610.9	86.45
-1610.93	86.27
-1610.97	86.1
-1611	85.92
-1611.04	85.75
-1611.07	85.57
-1611.1	85.39
-1611.14	85.22
-1611.17	85.04
-1611.2	84.87
-1611.23	84.69
-1611.27	84.52
-1611.3	84.34
-1611.33	84.17
-1611.36	83.99
-1611.4	83.81
-1611.43	83.64
-1611.46	83.46
-1611.49	83.29
-1611.52	83.11
-1611.56	82.94
-1611.59	82.76
-1611.62	82.59
-1611.65	82.41
-1611.68	82.24
-1611.71	82.06
-1611.74	81.88
-1611.77	81.71
-1611.8	81.53
-1611.83	81.36
-1611.86	81.18
-1611.89	81.01
-1611.92	80.83
-1611.95	80.66
-1611.98	80.48
-1612.01	80.3
-1612.04	80.13
-1612.07	79.95
-1612.1	79.78
-1612.13	79.6
-1612.16	79.43
-1612.19	79.25
-1612.21	79.08
-1612.24	78.9
-1612.27	78.73
-1612.3	78.55
-1612.33	78.37
-1612.35	78.2
-1612.38	78.02
-1612.41	77.85
-1612.44	77.67
-1612.47	77.5
-1612.49	77.32
-1612.52	77.15
-1612.55	76.97
-1612.57	76.79
-1612.6	76.62
-1612.63	76.44
-1612.65	76.27
-1612.68	76.09
-1612.71	75.92
-1612.73	75.74
-1612.76	75.57
-1612.79	75.39
-1612.81	75.22
-1612.84	75.04
-1612.86	74.86
-1612.89	74.69
-1612.91	74.51
-1612.94	74.34
-1612.96	74.16
-1612.99	73.99
-1613.01	73.81
-1613.04	73.64
-1613.06	73.46
-1613.09	73.28
-1613.11	73.11
-1613.14	72.93
-1613.16	72.76
-1613.19	72.58
-1613.21	72.41
-1613.23	72.23
-1613.26	72.06
-1613.28	71.88
-1613.3	71.71
-1613.33	71.53
-1613.35	71.35
-1613.37	71.18
-1613.4	71
-1613.42	70.83
-1613.44	70.65
-1613.47	70.48
-1613.49	70.3
-1613.51	70.13
-1613.53	69.95
-1613.56	69.77
-1613.58	69.6
-1613.6	69.42
-1613.62	69.25
-1613.65	69.07
-1613.67	68.9
-1613.69	68.72
-1613.71	68.55
-1613.73	68.37
-1613.75	68.2
-1613.77	68.02
-1613.8	67.84
-1613.82	67.67
-1613.84	67.49
-1613.86	67.32
-1613.88	67.14
-1613.9	66.97
-1613.92	66.79
-1613.94	66.62
-1613.96	66.44
-1613.98	66.26
-1614	66.09
-1614.02	65.91
-1614.04	65.74
-1614.06	65.56
-1614.08	65.39
-1614.1	65.21
-1614.12	65.04
-1614.14	64.86
-1614.16	64.69
-1614.18	64.51
-1614.2	64.33
-1614.22	64.16
-1614.24	63.98
-1614.25	63.81
-1614.27	63.63
-1614.29	63.46
-1614.31	63.28
-1614.33	63.11
-1614.35	62.93
-1614.37	62.75
-1614.38	62.58
-1614.4	62.4
-1614.42	62.23
-1614.44	62.05
-1614.45	61.88
-1614.47	61.7
-1614.49	61.53
-1614.51	61.35
-1614.53	61.18
-1614.54	61
-1614.56	60.82
-1614.58	60.65
-1614.59	60.47
-1614.61	60.3
-1614.63	60.12
-1614.64	59.95
-1614.66	59.77
-1614.68	59.6
-1614.69	59.42
-1614.71	59.24
-1614.73	59.07
-1614.74	58.89
-1614.76	58.72
-1614.77	58.54
-1614.79	58.37
-1614.81	58.19
-1614.82	58.02
-1614.84	57.84
-1614.85	57.66
-1614.87	57.49
-1614.88	57.31
-1614.9	57.14
-1614.91	56.96
-1614.93	56.79
-1614.94	56.61
-1614.96	56.44
-1614.97	56.26
-1614.99	56.09
-1615	55.91
-1615.02	55.73
-1615.03	55.56
-1615.05	55.38
-1615.06	55.21
-1615.08	55.03
-1615.09	54.86
-1615.1	54.68
-1615.12	54.51
-1615.13	54.33
-1615.15	54.15
-1615.16	53.98
-1615.17	53.8
-1615.19	53.63
-1615.2	53.45
-1615.21	53.28
-1615.23	53.1
-1615.24	52.93
-1615.25	52.75
-1615.27	52.58
-1615.28	52.4
-1615.29	52.22
-1615.31	52.05
-1615.32	51.87
-1615.33	51.7
-1615.34	51.52
-1615.36	51.35
-1615.37	51.17
-1615.38	51
-1615.39	50.82
-1615.4	50.64
-1615.42	50.47
-1615.43	50.29
-1615.44	50.12
-1615.45	49.94
-1615.46	49.77
-1615.48	49.59
-1615.49	49.42
-1615.5	49.24
-1615.51	49.07
-1615.52	48.89
-1615.53	48.71
-1615.55	48.54
-1615.56	48.36
-1615.57	48.19
-1615.58	48.01
-1615.59	47.84
-1615.6	47.66
-1615.61	47.49
-1615.62	47.31
-1615.63	47.13
-1615.64	46.96
-1615.65	46.78
-1615.67	46.61
-1615.68	46.43
-1615.69	46.26
-1615.7	46.08
-1615.71	45.91
-1615.72	45.73
-1615.73	45.56
-1615.74	45.38
-1615.75	45.2
-1615.76	45.03
-1615.77	44.85
-1615.78	44.68
-1615.79	44.5
-1615.8	44.33
-1615.81	44.15
-1615.81	43.98
-1615.82	43.8
-1615.83	43.62
-1615.84	43.45
-1615.85	43.27
-1615.86	43.1
-1615.87	42.92
-1615.88	42.75
-1615.89	42.57
-1615.9	42.4
-1615.91	42.22
-1615.91	42.05
-1615.92	41.87
-1615.93	41.69
-1615.94	41.52
-1615.95	41.34
-1615.96	41.17
-1615.97	40.99
-1615.97	40.82
-1615.98	40.64
-1615.99	40.47
-1616	40.29
-1616.01	40.11
-1616.02	39.94
-1616.02	39.76
-1616.03	39.59
-1616.04	39.41
-1616.05	39.24
-1616.05	39.06
-1616.06	38.89
-1616.07	38.71
-1616.08	38.54
-1616.09	38.36
-1616.09	38.18
-1616.1	38.01
-1616.11	37.83
-1616.11	37.66
-1616.12	37.48
-1616.13	37.31
-1616.14	37.13
-1616.14	36.96
-1616.15	36.78
-1616.16	36.6
-1616.16	36.43
-1616.17	36.25
-1616.18	36.08
-1616.19	35.9
-1616.19	35.73
-1616.2	35.55
-1616.21	35.38
-1616.21	35.2
-1616.22	35.03
-1616.22	34.85
-1616.23	34.67
-1616.24	34.5
-1616.24	34.32
-1616.25	34.15
-1616.26	33.97
-1616.26	33.8
-1616.27	33.62
-1616.27	33.45
-1616.28	33.27
-1616.29	33.09
-1616.29	32.92
-1616.3	32.74
-1616.3	32.57
-1616.31	32.39
-1616.32	32.22
-1616.32	32.04
-1616.33	31.87
-1616.33	31.69
-1616.34	31.52
-1616.34	31.34
-1616.35	31.16
-1616.36	30.99
-1616.36	30.81
-1616.37	30.64
-1616.37	30.46
-1616.38	30.29
-1616.38	30.11
-1616.39	29.94
-1616.39	29.76
-1616.4	29.58
-1616.4	29.41
-1616.41	29.23
-1616.41	29.06
-1616.42	28.88
-1616.42	28.71
-1616.43	28.53
-1616.43	28.36
-1616.44	28.18
-1616.44	28
-1616.45	27.83
-1616.45	27.65
-1616.46	27.48
-1616.46	27.3
-1616.47	27.13
-1616.47	26.95
-1616.48	26.78
-1616.48	26.6
-1616.49	26.43
-1616.49	26.25
-1616.5	26.07
-1616.5	25.9
-1616.5	25.72
-1616.51	25.55
-1616.51	25.37
-1616.52	25.2
-1616.52	25.02
-1616.53	24.85
-1616.53	24.67
-1616.54	24.49
-1616.538278	24.4
-1616.542645	24.31
-1616.544945	24.22
-1616.547236	24.13
-1616.549519	24.04
-1616.551793	23.95
-1616.548504    24.0
