0	200
0.016758294	199.9999975
0.07543128	199.99995
0.134103318	199.9998421
0.192775355	199.999674
0.251447393	199.9994458
0.310119431	199.9991578
0.368791469	199.99881
0.427462559	199.9984025
0.486132701	199.9979357
0.544802844	199.9974096
0.603472038	199.9968243
0.662140284	199.99618
0.720808531	199.9954769
0.779475829	199.9947151
0.83814218	199.9938947
0.896806635	199.993016
0.95547109	199.992079
1.014134597	199.9910839
1.072796209	199.9900309
1.131456872	199.98892
1.190116588	199.9877515
1.248775355	199.9865255
1.307432227	199.9852421
1.366087204	199.9839015
1.424741232	199.9825038
1.483393365	199.981049
1.54204455	199.9795375
1.600692891	199.9779694
1.659340284	199.9763447
1.717985782	199.9746637
1.776629384	199.9729264
1.83527109	199.971133
1.8939109	199.9692836
1.952548815	199.9673783
2.011184834	199.9654174
2.069818009	199.9634009
2.128449289	199.961329
2.187078673	199.9592018
2.245705213	199.9570195
2.304329858	199.9547821
2.362951659	199.9524898
2.421571564	199.9501428
2.480188626	199.9477411
2.538802844	199.9452849
2.597415166	199.9427744
2.656024645	199.9402097
2.71463128	199.9375908
2.773235071	199.934918
2.831836019	199.9321913
2.890434123	199.9294109
2.949029384	199.9265769
3.007621801	199.9236895
3.066211374	199.9207486
3.124797156	199.9177546
3.183380095	199.9147075
3.24196019	199.9116075
3.300537441	199.9084546
3.3591109	199.905249
3.417681517	199.9019908
3.476248341	199.8986801
3.534811374	199.8953171
3.593371564	199.8919018
3.65192891	199.8884345
3.710481517	199.8849151
3.76903128	199.8813439
3.827577251	199.8777209
3.886119431	199.8740464
3.94465782	199.8703203
4.003193365	199.8665428
4.061724171	199.8627141
4.120252133	199.8588341
4.178775355	199.8549032
4.237294787	199.8509213
4.295810427	199.8468886
4.354322275	199.8428052
4.412829384	199.8386712
4.471333649	199.8344867
4.529832227	199.8302519
4.588327962	199.8259669
4.646818957	199.8216317
4.705306161	199.8172465
4.763788626	199.8128114
4.822267299	199.8083265
4.880741232	199.8037919
4.939210427	199.7992077
4.997675829	199.7945741
5.056136493	199.7898911
5.114592417	199.7851588
5.17304455	199.7803774
5.231490995	199.775547
5.289933649	199.7706676
5.348371564	199.7657393
5.406804739	199.7607625
5.465233175	199.7557369
5.523656872	199.7506629
5.582075829	199.7455404
5.640490047	199.7403696
5.698899526	199.7351507
5.757303318	199.7298837
5.815703318	199.7245686
5.87409763	199.7192057
5.932487204	199.7137949
5.99087109	199.7083365
6.049251185	199.7028304
6.107624645	199.697277
6.165994313	199.6916761
6.224358294	199.6860279
6.282716588	199.6803325
6.341070142	199.6745901
6.399418957	199.6688006
6.457761137	199.6629643
6.516099526	199.6570811
6.57443128	199.6511512
6.632758294	199.6451748
6.691079621	199.6391518
6.749395261	199.6330823
6.807706161	199.6269666
6.866011374	199.6208047
6.9243109	199.6145965
6.982604739	199.6083425
7.040892891	199.6020423
7.099175355	199.5956964
7.157452133	199.5893047
7.215723223	199.5828673
7.273988626	199.5763844
7.332248341	199.5698559
7.39050237	199.5632821
7.448750711	199.5566629
7.506993365	199.5499985
7.565229384	199.5432889
7.623459716	199.5365344
7.68168436	199.5297349
7.739903318	199.5228905
7.79811564	199.5160013
7.856322275	199.5090675
7.914523223	199.5020891
7.972717536	199.4950661
8.030906161	199.4879986
8.089088152	199.4808869
8.147264455	199.4737308
8.205435071	199.4665307
8.263598104	199.4592863
8.32175545	199.451998
8.379907109	199.4446658
8.438052133	199.4372897
8.496190521	199.4298699
8.554323223	199.4224064
8.612449289	199.4148993
8.67056872	199.4073486
8.728681517	199.3997546
8.786788626	199.3921172
8.8448891	199.3844365
8.902982938	199.3767126
8.961070142	199.3689457
9.019150711	199.3611356
9.077224645	199.3532826
9.135291943	199.3453868
9.193353555	199.3374482
9.251407583	199.3294667
9.309454976	199.3214428
9.367496682	199.3133762
9.425530806	199.3052672
9.483558294	199.2971157
9.541579147	199.2889219
9.599592417	199.2806858
9.6576	199.2724075
9.7156	199.2640872
9.773594313	199.2557248
9.831580095	199.2473204
9.88956019	199.2388741
9.947532701	199.2303861
10.00549858	199.2218563
10.06345782	199.2132848
10.12140948	199.2046717
10.1793545	199.1960172
10.23729289	199.1873211
10.2952237	199.1785837
10.35314692	199.169805
10.41106351	199.160985
10.46897346	199.1521239
10.52687583	199.1432216
10.58477156	199.1342784
10.64265877	199.1252941
10.70054028	199.1162691
10.75841327	199.1072031
10.81628057	199.0980964
10.87413934	199.088949
10.93199147	199.079761
10.98983602	199.0705325
11.04767299	199.0612635
11.10550237	199.0519541
11.16332512	199.0426043
11.22114028	199.0332143
11.27894787	199.0237839
11.33674787	199.0143135
11.39454123	199.004803
11.45232607	198.9952524
11.51010427	198.985662
11.56787393	198.9760316
11.62563697	198.9663614
11.68339242	198.9566514
11.74114028	198.9469017
11.79887962	198.9371124
11.85661232	198.9272835
11.91433744	198.9174151
11.97205403	198.9075072
12.02976398	198.89756
12.0874654	198.8875734
12.14516019	198.8775476
12.20284645	198.8674826
12.26052512	198.8573783
12.31819526	198.8472351
12.37585877	198.8370528
12.43351374	198.8268315
12.49116114	198.8165713
12.54880095	198.8062723
12.60643223	198.7959345
12.66405687	198.7855579
12.72167204	198.7751428
12.77928057	198.7646889
12.83688057	198.7541966
12.89447299	198.7436656
12.95205687	198.7330964
13.00963318	198.7224886
13.0672019	198.7118426
13.12476209	198.7011583
13.18231374	198.6904358
13.23985782	198.6796751
13.29739431	198.6688764
13.35492227	198.6580396
13.41244171	198.6471647
13.46995355	198.6362519
13.52745687	198.6253013
13.58495261	198.6143129
13.64243981	198.6032866
13.69991848	198.5922226
13.75738957	198.581121
13.81485213	198.5699817
13.87230616	198.5588049
13.92975261	198.5475905
13.98718957	198.5363387
14.04461991	198.5250496
14.10204076	198.513723
14.15945308	198.5023591
14.21685782	198.490958
14.27425403	198.4795197
14.33164171	198.4680441
14.38902085	198.4565316
14.44639147	198.4449819
14.5037545	198.4333954
14.56110806	198.4217718
14.61845403	198.4101113
14.67579052	198.3984139
14.73311943	198.3866798
14.79043981	198.3749089
14.84775071	198.3631013
14.90505403	198.351257
14.96234787	198.3393762
15.01963412	198.3274587
15.0769109	198.3155048
15.13418009	198.3035144
15.19143981	198.2914876
15.248691	198.2794244
15.30593365	198.2673248
15.36316777	198.255189
15.42039242	198.2430169
15.47760948	198.2308087
15.53481706	198.2185643
15.59201611	198.2062838
15.64920664	198.1939673
15.70638768	198.1816147
15.76356114	198.1692262
15.82072512	198.1568018
15.87787962	198.1443414
15.93502654	198.1318453
15.99216398	198.1193134
16.04929194	198.1067457
16.10641232	198.0941423
16.16352322	198.0815033
16.22062464	198.0688286
16.27771754	198.0561184
16.3348019	198.0433726
16.39187678	198.0305914
16.44894313	198.0177748
16.506	198.0049227
16.56304834	197.9920352
16.6200872	197.9791124
16.67711659	197.9661544
16.73413839	197.953161
16.79114976	197.9401326
16.84815261	197.9270689
16.90514597	197.9139702
16.96213081	197.9008363
17.01910616	197.8876674
17.07607299	197.8744635
17.13303033	197.8612247
17.1899782	197.8479509
17.24691659	197.8346423
17.30384645	197.8212987
17.36076682	197.8079205
17.41767773	197.7945074
17.47458009	197.7810596
17.53147299	197.7675772
17.5883564	197.7540601
17.64523033	197.7405083
17.70209479	197.726922
17.75895071	197.7133012
17.81579621	197.6996458
17.87263318	197.685956
17.92946066	197.6722317
17.98627867	197.6584731
18.0430872	197.6446801
18.09988626	197.6308528
18.15667678	197.6169912
18.21345687	197.6030953
18.27022749	197.5891652
18.32698957	197.575201
18.38374123	197.5612027
18.44048341	197.5471701
18.49721611	197.5331035
18.55394028	197.5190029
18.61065403	197.5048683
18.66735829	197.4906997
18.72405308	197.4764973
18.78073839	197.4622608
18.83741327	197.4479905
18.89407962	197.4336865
19.00738294	197.4049769
19.06401991	197.3905714
19.12064739	197.3761323
19.17726445	197.3616595
19.23387299	197.3471531
19.29047109	197.332613
19.34732227	197.3179716
19.40366919	197.3034243
19.46000853	197.2888432
19.51633934	197.2742284
19.57331564	197.2594099
19.62985592	197.2446688
19.68638578	197.2298944
19.74290521	197.2150867
19.79941517	197.2002457
19.85591564	197.1853712
19.91240664	197.1704636
19.9688872	197.1555227
20.02535735	197.1405487
20.08181801	197.1255415
20.13826919	197.1105011
20.19470995	197.0954276
20.25114028	197.080321
20.30756114	197.0651814
20.36397251	197.0500087
20.42037346	197.034803
20.47676398	197.0195644
20.53314502	197.0042929
20.58951564	196.9889884
20.64587678	196.973651
20.70222749	196.9582808
20.75856777	196.9428778
20.81489858	196.9274418
20.87121896	196.9119732
20.92752891	196.8964719
20.98382938	196.8809378
21.04011943	196.8653711
21.09639905	196.8497716
21.15266825	196.8341395
21.20892796	196.8184749
21.26517725	196.8027776
21.32141611	196.7870477
21.37764455	196.7712854
21.43386351	196.7554905
21.49007109	196.7396632
21.54626919	196.7238034
21.60245687	196.7079112
21.65863412	196.6919866
21.71480095	196.6760296
21.77095735	196.6600402
21.82710332	196.6440185
21.88323981	196.6279645
21.93936493	196.6118783
21.99547962	196.5957598
22.05158483	196.5796091
22.10767867	196.5634262
22.16376303	196.547211
22.21983602	196.5309638
22.27589858	196.5146843
22.33195071	196.4983728
22.38799242	196.4820293
22.44402464	196.4656537
22.50004455	196.449246
22.55605498	196.4328062
22.61205498	196.4163346
22.6680436	196.3998309
22.72402275	196.3832953
22.77999052	196.3667278
22.83594787	196.3501284
22.89189384	196.3334971
22.94783033	196.3168339
23.00375545	196.300139
23.05967014	196.2834122
23.11557441	196.2666537
23.1714673	196.2498633
23.22734976	196.2330412
23.2832218	196.2161874
23.33908246	196.1993019
23.3949327	196.1823848
23.45077251	196.1654359
23.50660095	196.1484555
23.56241896	196.1314434
23.61822654	196.1143997
23.67402275	196.0973244
23.72980853	196.0802176
23.78558294	196.0630793
23.84134597	196.0459095
23.89709953	196.0287082
23.95284076	196.0114753
24.00857156	195.9942111
24.06429194	195.9769154
24.12000095	195.9595883
24.17569953	195.9422297
24.23138673	195.9248399
24.28706256	195.9074187
24.34272796	195.8899661
24.39838199	195.8724822
24.45402464	195.8549671
24.50965687	195.8374206
24.56527773	195.8198429
24.6208872	195.8022339
24.67648626	195.7845938
24.73207393	195.7669224
24.78765024	195.7492199
24.84321611	195.7314862
24.89876967	195.7137213
24.9543128	195.6959253
25.00984455	195.6780982
25.06536588	195.66024
25.12087488	195.6423508
25.17637346	195.6244304
25.23185972	195.6064791
25.28733555	195.5884967
25.3428	195.5704833
25.39825308	195.5524389
25.45369573	195.5343637
25.50912607	195.5162573
25.56454502	195.4981201
25.61995261	195.479952
25.67534976	195.4617529
25.7307346	195.443523
25.78610806	195.4252622
25.84147014	195.4069705
25.8968218	195.3886481
25.95216114	195.3702947
26.0074891	195.3519106
26.06280569	195.3334957
26.11810995	195.3150501
26.17340379	195.2965736
26.22868626	195.2780665
26.2839564	195.2595286
26.33921517	195.24096
26.39446256	195.2223606
26.44969858	195.2037307
26.50492322	195.1850701
26.56013555	195.1663788
26.61533649	195.1476569
26.67052607	195.1289044
26.72570332	195.1101213
26.78087014	195.0913076
26.83602464	195.0724632
26.89116682	195.0535884
26.94629763	195.034683
27.00141706	195.0157471
27.05652512	194.9967807
27.11162085	194.9777837
27.16670427	194.9587564
27.22177725	194.9396985
27.27683697	194.9206101
27.33188626	194.9014914
27.38692227	194.8823422
27.44194787	194.8631626
27.49696114	194.8439525
27.55196209	194.8247122
27.60695166	194.8054414
27.66192891	194.7861402
27.71689384	194.7668087
27.77184739	194.7474469
27.82678957	194.7280547
27.88171943	194.7086323
27.93663697	194.6891796
27.99154218	194.6696966
28.04643602	194.6501833
28.10131754	194.6306398
28.15618673	194.611066
28.21104455	194.591462
28.26589005	194.5718278
28.32072322	194.5521634
28.37554502	194.5324687
28.43035355	194.5127439
28.48515071	194.492989
28.53993555	194.4732038
28.59470806	194.4533885
28.64946825	194.4335431
28.70421706	194.4136676
28.75895261	194.393762
28.81367678	194.3738264
28.86838863	194.3538606
28.9230872	194.3338647
28.97777441	194.3138388
29.03244929	194.2937829
29.08711185	194.2736968
29.14176209	194.2535808
29.1964	194.2334348
29.25102464	194.2132588
29.30563791	194.1930527
29.36023886	194.1728168
29.41482654	194.1525507
29.46940284	194.1322549
29.52396588	194.111929
29.57851754	194.0915732
29.63305592	194.0711875
29.68758199	194.0507719
29.74209479	194.0303263
29.79659621	194.0098509
29.85108436	193.9893456
29.90556019	193.9688104
29.9600237	193.9482454
30.01447393	193.9276505
30.0689128	193.9070258
30.12333839	193.8863712
30.17775071	193.8656869
30.23215071	193.8449727
30.28653839	193.8242288
30.34091374	193.803455
30.39527583	193.7826515
30.44962559	193.7618182
30.50396209	193.7409552
30.55828626	193.7200625
30.61259716	193.6991399
30.66689573	193.6781877
30.72118199	193.6572057
30.77545498	193.636194
30.82971469	193.6151526
30.88396209	193.5940816
30.93819621	193.5729809
30.99241801	193.5518504
31.04662654	193.5306904
31.10082275	193.5095007
31.15500569	193.4882813
31.20917536	193.4670323
31.26333175	193.4457537
31.31747583	193.4244455
31.37160758	193.4031077
31.42572512	193.3817403
31.47983033	193.3603433
31.53392227	193.3389167
31.58800095	193.3174606
31.6420673	193.2959749
31.69611943	193.2744596
31.75015924	193.2529148
31.80418578	193.2313405
31.85819905	193.2097366
31.9122	193.1881033
31.96618673	193.1664404
32.02016019	193.144748
32.07412133	193.1230262
32.12806919	193.1012748
32.18200284	193.079494
32.23592417	193.0576837
32.28983223	193.035844
32.34372607	193.0139748
32.39760758	192.9920762
32.45147583	192.9701481
32.50532986	192.9481907
32.55917156	192.9262038
32.61299905	192.9041875
32.66681327	192.8821418
32.72061517	192.8600667
32.77440284	192.8379623
32.8281763	192.8158284
32.88193744	192.7936652
32.93568436	192.7714727
32.98941896	192.7492507
33.04313934	192.7269995
33.0968455	192.7047189
33.15053934	192.682409
33.20421896	192.6600697
33.25788531	192.6377012
33.31153744	192.6153034
33.3651763	192.5928762
33.4188019	192.5704198
33.47241422	192.547934
33.52601232	192.525419
33.57959621	192.5028748
33.63316682	192.4803012
33.68672417	192.4576985
33.7402673	192.4350664
33.79379716	192.4124052
33.8473128	192.3897147
33.90081517	192.366995
33.95430332	192.344246
34.0077782	192.3214679
34.06123886	192.2986606
34.11468531	192.2758241
34.16811848	192.2529583
34.22153839	192.2300634
34.27494313	192.2071394
34.3283346	192.1841862
34.38171185	192.1612038
34.43507583	192.1381922
34.48842559	192.1151516
34.54176114	192.0920817
34.59508246	192.0689828
34.64838957	192.0458547
34.70168341	192.0226975
34.75496303	191.9995111
34.80822844	191.9762957
34.86147962	191.9530512
34.91471754	191.9297776
34.96794028	191.9064749
35.02114976	191.8831431
35.07434502	191.8597824
35.12752512	191.8363924
35.18069194	191.8129735
35.23384455	191.7895255
35.28698294	191.7660485
35.34010711	191.7425423
35.39321611	191.7190073
35.44631185	191.6954431
35.49939336	191.6718499
35.55246066	191.6482278
35.6055128	191.6245767
35.65855071	191.6008965
35.71157536	191.5771873
35.76458483	191.5534492
35.81758009	191.529682
35.87056019	191.5058859
35.92352701	191.4820609
35.97647867	191.4582069
36.02941611	191.4343239
36.08233934	191.410412
36.13524834	191.3864711
36.18814218	191.3625013
36.2410218	191.3385026
36.29388626	191.314475
36.34673649	191.2904184
36.39957251	191.2663329
36.45239431	191.2422186
36.50520095	191.2180753
36.55799242	191.1939031
36.61076967	191.1697021
36.6635327	191.1454722
36.71628057	191.1212134
36.76901422	191.0969258
36.8217327	191.0726092
36.87443697	191.0482639
36.92712607	191.0238897
36.9798	190.9994866
37.03245972	190.9750547
37.08510427	190.9505939
37.1377346	190.9261044
37.19034976	190.901586
37.24294976	190.8770389
37.29553555	190.8524629
37.34810616	190.8278581
37.40066161	190.8032246
37.4532019	190.7785622
37.50572796	190.7538711
37.55823886	190.7291512
37.6107346	190.7044025
37.66321611	190.679625
37.71568152	190.6548189
37.7681327	190.6299839
37.82056777	190.6051202
37.87298863	190.5802278
37.92539431	190.5553066
37.97778483	190.5303568
38.03016019	190.5053782
38.08252133	190.4803709
38.13486635	190.4553348
38.18719621	190.4302701
38.2395109	190.4051767
38.29181043	190.3800545
38.34409479	190.3549038
38.39636398	190.3297242
38.44861801	190.3045161
38.50085687	190.2792793
38.55307962	190.2540138
38.60528815	190.2287197
38.65748057	190.2033969
38.70965782	190.1780455
38.76181991	190.1526655
38.81396682	190.1272567
38.86609858	190.1018194
38.91821422	190.0763534
38.97031469	190.0508589
39.02239905	190.0253358
39.07446919	189.9997841
39.12652322	189.9742037
39.17856114	189.9485947
39.23058483	189.9229572
39.28259147	189.8972912
39.33458389	189.8715965
39.38656019	189.8458732
39.43852133	189.8201214
39.49046635	189.7943411
39.54239526	189.7685323
39.59430995	189.7426948
39.64620758	189.7168288
39.69809005	189.6909344
39.74995735	189.6650113
39.80180853	189.6390598
39.8536436	189.6130798
39.90511469	189.5872462
39.95702085	189.5611582
40.0089109	189.5350415
40.06078483	189.5088964
40.11264265	189.4827225
40.16448531	189.4565202
40.21631185	189.4302892
40.26812227	189.4040297
40.31945213	189.3779775
40.37112986	189.3517127
40.42279052	189.3254194
40.47443602	189.2990977
40.5260654	189.2727476
40.57767867	189.2463691
40.62927678	189.2199621
40.68085782	189.1935267
40.7324237	189.1670629
40.78397251	189.1405708
40.83550616	189.1140502
40.8870237	189.0875013
40.93852417	189.060924
40.99000948	189.0343182
41.04147867	189.0076841
41.09293081	188.9810217
41.14436777	188.9543309
41.19578863	188.9276118
41.24719242	188.9008643
41.29858009	188.8740884
41.34995261	188.8472843
41.40130806	188.8204518
41.45264739	188.793591
41.50396967	188.7667019
41.55527678	188.7397844
41.60656682	188.7128388
41.65784076	188.6858648
41.70909858	188.6588625
41.76034028	188.6318319
41.81156493	188.6047731
41.86277346	188.577686
41.91396588	188.5505706
41.96514123	188.523427
42.01630047	188.4962552
42.06744265	188.469055
42.11856967	188.4418267
42.16967867	188.4145702
42.22077251	188.3872854
42.27184834	188.3599724
42.322909	188.3326312
42.37395261	188.3052618
42.42497915	188.2778642
42.47598957	188.2504385
42.52698294	188.2229845
42.57796019	188.1955023
42.62892038	188.167992
42.67986445	188.1404536
42.73079147	188.112887
42.78170142	188.0852922
42.83259526	188.0576694
42.88347204	188.0300184
42.93433175	188.0023392
42.98517536	187.9746319
43.03600095	187.9468966
43.08681137	187.9191331
43.13760379	187.8913416
43.18838009	187.8635219
43.23913839	187.8356742
43.28988057	187.8077984
43.34060569	187.7798945
43.39131469	187.7519626
43.44200569	187.7240026
43.49268057	187.6960145
43.54333744	187.6679984
43.5939782	187.6399544
43.6446019	187.6118822
43.69520853	187.5837821
43.7457981	187.5556539
43.79636967	187.5274977
43.84692512	187.4993136
43.89746351	187.4711014
43.94798483	187.4428613
43.99848815	187.4145932
44.04897536	187.3862971
44.0994455	187.3579731
44.14989763	187.3296211
44.2003327	187.3012412
44.25075071	187.2728333
44.30115166	187.2443976
44.35153555	187.2159338
44.40190237	187.1874422
44.45225118	187.1589227
44.50258294	187.1303753
44.55289763	187.1018
44.60319431	187.0731968
44.65347488	187.0445657
44.70373744	187.0159068
44.75398199	186.9872199
44.80421043	186.9585053
44.85441991	186.9297629
44.90461327	186.9009925
44.95478863	186.8721943
45.00494692	186.8433684
45.0550872	186.8145146
45.10521043	186.785633
45.15531564	186.7567236
45.20540379	186.7277864
45.25547488	186.6988216
45.30552796	186.6698288
45.35556303	186.6408083
45.40558104	186.6117601
45.45558104	186.5826841
45.50556303	186.5535804
45.55552891	186.524449
45.60547583	186.4952898
45.65540569	186.4661029
45.70531754	186.4368883
45.75521137	186.407646
45.80508815	186.378376
45.85494692	186.3490784
45.90478768	186.3197531
45.95461137	186.2904001
46.00441706	186.2610194
46.05420474	186.2316112
46.10397441	186.2021752
46.15372701	186.1727117
46.20346066	186.1432205
46.25317725	186.1137017
46.30287583	186.0841553
46.3525564	186.0545813
46.40221896	186.0249798
46.45186351	185.9953507
46.501491	185.965694
46.55109953	185.9360097
46.60069005	185.9062979
46.65026351	185.8765585
46.69981801	185.8467916
46.74935545	185.8169973
46.79887393	185.7871754
46.84837536	185.7573259
46.89785782	185.727449
46.94732227	185.6975446
46.99676872	185.6676127
47.04619716	185.6376533
47.09560758	185.6076666
47.145	185.5776523
47.19437441	185.5476106
47.24372986	185.5175415
47.29306825	185.487445
47.34238768	185.4573211
47.39168815	185.4271697
47.44097156	185.3969909
47.49023602	185.3667848
47.53948341	185.3365513
47.5887109	185.3062905
47.63792133	185.2760022
47.6871128	185.2456867
47.73628626	185.2153438
47.78544076	185.1849735
47.8345782	185.154576
47.88369573	185.1241512
47.93279621	185.093699
47.98187773	185.0632196
48.03094028	185.0327129
48.07998483	185.002179
48.12901137	184.9716177
48.17801896	184.9410293
48.22700853	184.9104136
48.27597915	184.8797707
48.32493081	184.8491006
48.3738654	184.8184033
48.42278009	184.7876787
48.47167678	184.756927
48.5205545	184.7261481
48.56941422	184.695342
48.61825498	184.6645088
48.66707773	184.6336484
48.71588152	184.602761
48.76466635	184.5718464
48.81343318	184.5409047
48.86218009	184.5099359
48.91090995	184.47894
48.95961991	184.447917
49.00831185	184.4168669
49.05698483	184.3857898
49.10563886	184.3546856
49.15427393	184.3235544
49.202891	184.2923962
49.2514891	184.2612109
49.30006825	184.2299987
49.34862844	184.1987595
49.39716967	184.1674932
49.44569194	184.1362001
49.49419621	184.1048799
49.54268057	184.0735327
49.59114692	184.0421587
49.63959431	184.0107577
49.6880218	183.9793299
49.73643128	183.947875
49.7848218	183.9163934
49.83319336	183.8848848
49.88154597	183.8533493
49.92987962	183.821787
49.97819336	183.7901978
50.0264891	183.7585818
50.07476588	183.7269391
50.1230237	183.6952694
50.17126161	183.663573
50.21948057	183.6318497
50.26768152	183.6000997
50.31586256	183.5683229
50.36402464	183.5365194
50.41216777	183.5046891
50.460291	183.4728321
50.50839621	183.4409484
50.55648152	183.409038
50.60454787	183.3771008
50.65259526	183.345137
50.7006237	183.3131464
50.74863223	183.2811293
50.7966218	183.2490855
50.84459242	183.217015
50.89254313	183.184918
50.94047488	183.1527943
50.98838768	183.1206439
51.03628152	183.0884671
51.08415545	183.0562637
51.13200948	183.0240336
51.1798455	182.991777
51.22766161	182.9594939
51.27545782	182.9271843
51.32323507	182.8948481
51.37099336	182.8624854
51.41873175	182.8300963
51.46645118	182.7976806
51.51415071	182.7652385
51.56183128	182.7327699
51.60949194	182.7002749
51.65713365	182.6677535
51.70475545	182.6352057
51.75235829	182.6026314
51.79994123	182.5700308
51.84750521	182.5374037
51.89504929	182.5047504
51.94257346	182.4720707
51.99007867	182.4393646
52.03756398	182.4066322
52.08503033	182.3738736
52.13247678	182.3410886
52.17990332	182.3082773
52.22730995	182.2754396
52.27469763	182.2425759
52.3220654	182.2096858
52.36941422	182.1767695
52.41674313	182.143827
52.46405213	182.1108582
52.51134123	182.0778633
52.55861043	182.0448422
52.60586066	182.0117949
52.653091	181.9787215
52.70030142	181.9456219
52.74749289	181.9124962
52.79466351	181.8793444
52.84181517	181.8461665
52.88894692	181.8129625
52.93605877	181.7797324
52.98315071	181.7464763
53.03022275	181.7131942
53.07727488	181.679886
53.12430806	181.6465517
53.17132038	181.6131915
53.21831374	181.5798053
53.2652872	181.5463931
53.31223981	181.512955
53.35917346	181.4794908
53.4060872	181.4460008
53.45298104	181.4124848
53.49985498	181.378943
53.54670806	181.3453752
53.59354218	181.3117816
53.6403564	181.2781621
53.68715071	181.2445168
53.73392417	181.2108455
53.78067867	181.1771485
53.82741232	181.1434257
53.87412701	181.1096771
53.92082085	181.0759027
53.96749479	181.0421026
54.01414882	181.0082767
54.06078294	180.9744251
54.10739716	180.9405476
54.15399147	180.9066446
54.20056493	180.8727158
54.24711943	180.8387614
54.29365308	180.8047813
54.34016682	180.7707755
54.38665972	180.7367441
54.43313365	180.7026872
54.47958673	180.6686045
54.52601991	180.6344963
54.57243318	180.6003625
54.61882654	180.5662032
54.66519905	180.5320183
54.71155166	180.4978079
54.75788341	180.463572
54.80419621	180.4293105
54.85048815	180.3950235
54.89676019	180.3607112
54.94301137	180.3263733
54.98924265	180.29201
55.03545403	180.2576213
55.08164455	180.2232072
55.12781517	180.1887676
55.17396588	180.1543027
55.22009573	180.1198124
55.26620569	180.0852967
55.31229479	180.0507558
55.35836398	180.0161895
55.40441327	179.9815979
55.45044171	179.946981
55.49644929	179.9123388
55.54243697	179.8776714
55.58840474	179.8429787
55.63435166	179.8082608
55.68027867	179.7735177
55.72618483	179.7387493
55.77207109	179.7039558
55.81793649	179.6691372
55.86378199	179.6342933
55.90960664	179.5994244
55.95541043	179.5645303
56.00119431	179.529611
56.04695829	179.4946667
56.09270142	179.4596974
56.1384237	179.424703
56.18412607	179.3896835
56.22980758	179.3546389
56.27546825	179.3195695
56.321109	179.2844749
56.36672891	179.2493554
56.41232891	179.214211
56.45790806	179.1790416
56.50346635	179.1438472
56.54900474	179.1086279
56.59452133	179.0733837
56.64001896	179.0381147
56.68549479	179.0028207
56.73095071	178.9675019
56.77638578	178.9321583
56.82180095	178.8967898
56.86719431	178.8613965
56.91256777	178.8259785
56.95792038	178.7905356
57.00325308	178.755068
57.04856398	178.7195757
57.09385498	178.6840586
57.13912512	178.6485167
57.18437536	178.6129503
57.22960379	178.5773591
57.27481232	178.5417433
57.32	178.5061028
57.36516682	178.4704376
57.4103128	178.4347479
57.45543886	178.3990336
57.50054313	178.3632947
57.54562749	178.3275311
57.590691	178.2917432
57.63573365	178.2559306
57.68075545	178.2200935
57.7257564	178.1842318
57.77073744	178.1483457
57.81569668	178.1124352
57.86063602	178.0765002
57.90555355	178.0405407
57.95045118	178.0045569
57.99532796	177.9685486
58.04018389	177.9325159
58.08501896	177.8964589
58.12983223	177.8603775
58.17462559	177.8242717
58.2193981	177.7881417
58.26414976	177.7519873
58.30888152	177.7158086
58.35359147	177.6796056
58.39828057	177.6433784
58.44294882	177.607127
58.48759621	177.5708513
58.53222275	177.5345515
58.57682844	177.4982274
58.62141327	177.4618791
58.66597725	177.4255068
58.71052038	177.3891102
58.75504171	177.3526895
58.79954313	177.3162448
58.8440237	177.2797759
58.88848246	177.2432829
58.93292133	177.2067659
58.97733839	177.1702249
59.02173555	177.1336599
59.0661109	177.0970708
59.1104654	177.0604576
59.15479905	177.0238206
59.19911185	176.9871596
59.24340379	176.9504747
59.28767393	176.9137658
59.33192417	176.877033
59.37615261	176.8402763
59.42036019	176.8034957
59.46454692	176.7666914
59.5087128	176.7298631
59.55285782	176.693011
59.59698104	176.6561351
59.64108341	176.6192354
59.68516493	176.582312
59.72922559	176.5453647
59.7732654	176.5083938
59.81728341	176.4713992
59.86128152	176.4343808
59.90525782	176.3973387
59.94921327	176.3602729
59.99314692	176.3231836
60.03705972	176.2860705
60.08095166	176.2489338
60.12482275	176.2117736
60.16867299	176.1745898
60.21250142	176.1373823
60.256309	176.1001514
60.30009573	176.0628968
60.34386066	176.0256188
60.38760474	175.9883172
60.43132796	175.9509922
60.47503033	175.9136437
60.5187109	175.8762718
60.56237062	175.8388764
60.60600853	175.8014576
60.64962654	175.7640154
60.69322275	175.7265498
60.73679716	175.6890609
60.78035071	175.6515486
60.82388341	175.614013
60.86739526	175.576454
60.91088531	175.5388718
60.9543545	175.5012662
60.9978019	175.4636374
61.04122938	175.4259854
61.08463412	175.3883102
61.12801896	175.3506117
61.17138199	175.31289
61.21472322	175.2751452
61.2580436	175.2373772
61.30134313	175.199586
61.34462085	175.1617718
61.38787773	175.1239344
61.43111374	175.0860738
61.47432796	175.0481903
61.51752133	175.0102837
61.56069289	174.972354
61.6038436	174.9344013
61.64697251	174.8964256
61.69008057	174.858427
61.73316682	174.8204053
61.77623223	174.7823607
61.81927678	174.7442932
61.86229953	174.7062028
61.90530047	174.6680894
61.94828057	174.6299532
61.99123981	174.5917941
62.03417725	174.5536121
62.07709384	174.5154073
62.11998863	174.4771797
62.16286256	174.4389294
62.20571469	174.4006561
62.24854502	174.3623602
62.29135545	174.3240415
62.33414313	174.2857
62.37690995	174.2473359
62.41965592	174.2089491
62.46238009	174.1705396
62.50508246	174.1321074
62.54776398	174.0936526
62.59042464	174.0551751
62.63306351	174.0166751
62.67568057	173.9781525
62.71827678	173.9396073
62.76085118	173.9010395
62.80340474	173.8624492
62.84593649	173.8238363
62.88844645	173.7852011
62.93093555	173.7465433
62.97340379	173.707863
63.01584929	173.6691602
63.05827488	173.6304351
63.10067773	173.5916874
63.14305972	173.5529174
63.18542085	173.5141251
63.22775924	173.4753104
63.27007773	173.4364733
63.31237346	173.3976139
63.35464834	173.3587322
63.39690237	173.3198281
63.43913365	173.2809018
63.48134502	173.2419532
63.52353365	173.2029824
63.56570142	173.1639894
63.60784739	173.1249742
63.64997251	173.0859367
63.69207583	173.0468772
63.73415735	173.0077954
63.77621801	172.9686915
63.81825687	172.9295655
63.86027393	172.8904174
63.90227014	172.8512472
63.94424455	172.8120549
63.9861981	172.7728406
64.02812891	172.7336042
64.07003886	172.6943458
64.11192796	172.6550655
64.15379526	172.6157631
64.19564076	172.5764388
64.23746445	172.5370925
64.2792673	172.4977243
64.32104834	172.4583342
64.36280758	172.4189222
64.40454597	172.3794883
64.44626256	172.3400326
64.48795735	172.300555
64.52963128	172.2610556
64.57128246	172.2215344
64.6129128	172.1819913
64.65452227	172.1424265
64.69610995	172.10284
64.73767583	172.0632317
64.77921991	172.0236017
64.82074218	171.98395
64.8622436	171.9442766
64.90372322	171.9045816
64.94518199	171.8648648
64.98661801	171.8251265
65.02803318	171.7853665
65.06942749	171.745585
65.11079905	171.7057819
65.15214976	171.6659571
65.19347867	171.6261109
65.23478578	171.5862431
65.27607109	171.5463538
65.31733555	171.506443
65.3585782	171.4665107
65.39979905	171.426557
65.44099905	171.3865819
65.4821763	171.3465853
65.5233327	171.3065673
65.56446825	171.2665279
65.60558104	171.2264671
65.64667299	171.186385
65.68774218	171.1462814
65.72879147	171.1061567
65.76981801	171.0660106
65.81082275	171.0258432
65.85180664	170.9856545
65.89276872	170.9454447
65.933709	170.9052135
65.97462844	170.8649612
66.01552512	170.8246876
66.05640095	170.7843929
66.09725498	170.744077
66.13808815	170.7037399
66.17889858	170.6633818
66.21968815	170.6230024
66.26045592	170.5826021
66.3012019	170.5421806
66.34192607	170.501738
66.38262938	170.4612745
66.42330995	170.4207899
66.46396967	170.3802843
66.50460758	170.3397576
66.5452237	170.2992101
66.58581896	170.2586415
66.62639147	170.218052
66.66694313	170.1774417
66.70747299	170.1368103
66.74798104	170.0961581
66.78846825	170.0554851
66.8289327	170.0147911
66.8693763	169.9740764
66.9097981	169.9333408
66.9501981	169.8925844
66.9905763	169.8518072
67.03093365	169.8110092
67.07126825	169.7701906
67.11158199	169.7293511
67.15187393	169.688491
67.19214408	169.6476102
67.23239242	169.6067087
67.27261991	169.5657865
67.31282464	169.5248436
67.35300853	169.4838801
67.39317062	169.4428961
67.4333109	169.4018914
67.47342938	169.3608661
67.51352701	169.3198203
67.5536019	169.2787539
67.59365592	169.237667
67.63368815	169.1965596
67.67369858	169.1554317
67.7136872	169.1142833
67.75365403	169.0731145
67.7936	169.0319252
67.83352322	168.9907155
67.87342559	168.9494854
67.91330616	168.9082349
67.95316493	168.866964
67.9930019	168.8256728
68.03281801	168.7843612
68.07261137	168.7430293
68.11238389	168.7016771
68.1521346	168.6603045
68.19186256	168.6189118
68.23157062	168.5774988
68.27125592	168.5360655
68.31091943	168.494612
68.35056209	168.4531383
68.39018199	168.4116444
68.42978104	168.3701304
68.46935829	168.3285961
68.50891374	168.2870418
68.54844739	168.2454674
68.58795924	168.2038728
68.62745024	168.1622582
68.66691848	168.1206235
68.70636588	168.0789687
68.74579147	168.0372939
68.78519526	167.9955991
68.82457725	167.9538843
68.86393744	167.9121495
68.90327678	167.8703947
68.94259336	167.82862
68.9818891	167.7868253
69.02116209	167.7450107
69.06041422	167.7031763
69.09964455	167.661322
69.13885308	167.6194477
69.17804076	167.5775537
69.21720569	167.5356398
69.25634976	167.493706
69.29547109	167.4517526
69.33457156	167.4097793
69.37365024	167.3677862
69.41270711	167.3257734
69.45174218	167.2837409
69.49075545	167.2416886
69.52974787	167.1996167
69.56871754	167.1575251
69.60766635	167.1154138
69.64659336	167.0732828
69.68549858	167.0311322
69.72438199	166.9889621
69.7632436	166.9467722
69.80208341	166.9045629
69.84090237	166.862334
69.87969858	166.8200855
69.91847393	166.7778175
69.95722749	166.73553
69.99595924	166.693223
70.03466919	166.6508965
70.07335735	166.6085505
70.1120237	166.5661851
70.15066919	166.5238003
70.18929194	166.481396
70.22789384	166.4389724
70.26647393	166.3965293
70.30503223	166.3540669
70.34356872	166.3115852
70.38208341	166.2690841
70.4205763	166.2265637
70.45904834	166.184024
70.49749763	166.1414651
70.53592607	166.0988868
70.5743327	166.0562893
70.61271754	166.0136726
70.65108057	165.9710367
70.6894218	165.9283815
70.72774123	165.8857073
70.76603981	165.8430138
70.80431659	165.8003012
70.84257062	165.7575694
70.88080379	165.7148185
70.91901517	165.6720485
70.95720474	165.6292595
70.99537346	165.5864513
71.03351943	165.5436241
71.07164455	165.5007779
71.10974692	165.4579127
71.14782844	165.4150284
71.18588815	165.3721252
71.22392607	165.329203
71.26194218	165.2862619
71.29993744	165.2433018
71.33790995	165.2003228
71.37586161	165.1573249
71.41379147	165.1143081
71.45169858	165.0712724
71.48958578	165.0282179
71.52745024	164.9851446
71.56529289	164.9420523
71.60311469	164.8989414
71.64091374	164.8558116
71.67869194	164.812663
71.71644834	164.7694957
71.75418294	164.7263097
71.79189573	164.6831048
71.82958673	164.6398814
71.86725687	164.5966392
71.90490521	164.5533783
71.94253081	164.5100988
71.98013555	164.4668006
72.01771848	164.4234838
72.05528057	164.3801484
72.09281991	164.3367944
72.13033839	164.2934218
72.16783412	164.2500307
72.205309	164.206621
72.24276209	164.1631928
72.28019336	164.119746
72.31760379	164.0762808
72.35499147	164.032797
72.39235829	163.9892948
72.42970332	163.9457742
72.46702654	163.9022351
72.50432796	163.8586776
72.54160758	163.8151017
72.5788654	163.7715073
72.61610237	163.7278946
72.65331754	163.6842636
72.6905109	163.6406143
72.72768246	163.5969466
72.76483223	163.5532606
72.80196114	163.5095563
72.8390673	163.4658337
72.87615261	163.4220928
72.91321611	163.3783338
72.95025782	163.3345565
72.98727867	163.2907609
73.02427678	163.2469472
73.06125403	163.2031153
73.09820948	163.1592653
73.13514313	163.115397
73.17205498	163.0715107
73.20894502	163.0276062
73.24581422	162.9836836
73.28266161	162.939743
73.3194872	162.8957843
73.356291	162.8518075
73.39307299	162.8078126
73.42983412	162.7637998
73.46657346	162.7197689
73.503291	162.6757201
73.53998673	162.6316532
73.57666066	162.5875684
73.61331374	162.5434657
73.64994408	162.499345
73.68655355	162.4552064
73.72314123	162.4110499
73.75970806	162.3668756
73.79625213	162.3226833
73.83277536	162.2784732
73.86927678	162.2342453
73.9057564	162.1899995
73.94221517	162.145736
73.97865118	162.1014546
74.01506635	162.0571555
74.05145972	162.0128386
74.08783128	161.968504
74.12418199	161.9241516
74.16050995	161.8797815
74.19681706	161.8353938
74.23310237	161.7909883
74.26936682	161.7465652
74.30560853	161.7021244
74.34182938	161.657666
74.37802844	161.61319
74.41420569	161.5686963
74.45036209	161.5241852
74.48649573	161.4796563
74.52260853	161.43511
74.55870047	161.390546
74.59476967	161.3459647
74.63081801	161.3013657
74.66684455	161.2567492
74.70284929	161.2121153
74.73883223	161.1674639
74.77479431	161.1227951
74.8107346	161.0781088
74.84665308	161.0334051
74.88254976	160.988684
74.91842559	160.9439455
74.95427962	160.8991896
74.99011185	160.8544163
75.02592227	160.8096258
75.06171185	160.7648178
75.09747962	160.7199926
75.13322559	160.6751501
75.16895071	160.6302903
75.20465308	160.5854132
75.2403346	160.5405188
75.27599526	160.4956072
75.31163318	160.4506784
75.34725024	160.4057324
75.3828455	160.3607692
75.41841896	160.3157888
75.45397156	160.2707912
75.48950237	160.2257765
75.52501137	160.1807446
75.56049953	160.1356957
75.59596493	160.0906296
75.63141043	160.0455464
75.66683318	160.0004461
75.70223507	159.9553288
75.73761517	159.9101945
75.77297346	159.8650431
75.80830995	159.8198747
75.84362559	159.7746893
75.87891943	159.7294869
75.91419242	159.6842676
75.9494436	159.6390312
75.98467299	159.593778
76.01988057	159.5485078
76.0550673	159.5032207
76.09023223	159.4579167
76.12537536	159.4125958
76.16049763	159.3672581
76.1955981	159.3219035
76.23067678	159.276532
76.26573365	159.2311438
76.30076967	159.1857388
76.33578483	159.1403169
76.37077725	159.0948782
76.40574882	159.0494229
76.44069858	159.0039507
76.47562749	158.9584618
76.5105346	158.9129562
76.54541991	158.8674339
76.58028436	158.8218949
76.61512701	158.7763392
76.64994787	158.7307668
76.68474787	158.6851778
76.71952607	158.6395722
76.75428246	158.5939499
76.78901801	158.5483111
76.82373175	158.5026556
76.8584237	158.4569836
76.89309479	158.411295
76.92774408	158.3655899
76.96237251	158.3198682
76.99697915	158.2741301
77.03156398	158.2283754
77.06612701	158.1826042
77.10066919	158.1368166
77.13519052	158.0910124
77.1696891	158.0451919
77.20416777	157.9993549
77.2386237	157.9535016
77.27305877	157.9076317
77.30747204	157.8617455
77.34186445	157.815843
77.37623507	157.7699241
77.41058389	157.7239888
77.44491185	157.6780372
77.47921896	157.6320693
77.51350332	157.5860851
77.54776682	157.5400846
77.58200948	157.4940678
77.61623033	157.4480348
77.65042938	157.4019855
77.68460758	157.35592
77.71876398	157.3098382
77.75289858	157.2637403
77.78701232	157.2176261
77.82110427	157.1714959
77.85517536	157.1253494
77.88922464	157.0791868
77.92325308	157.0330081
77.95725972	156.9868132
77.9912455	156.9406023
78.02520948	156.8943752
78.05915166	156.8481321
78.09307299	156.8018729
78.12697251	156.7555977
78.16085118	156.7093064
78.19470806	156.6629992
78.22854313	156.6166758
78.26235735	156.5703366
78.29615071	156.5239813
78.32992227	156.47761
78.36367204	156.4312229
78.39740095	156.3848198
78.43110806	156.3384008
78.46479431	156.2919658
78.49845877	156.245515
78.53210237	156.1990483
78.56572417	156.1525657
78.59932512	156.1060673
78.63290427	156.059553
78.66646256	156.0130229
78.69999905	155.966477
78.73351469	155.9199153
78.76700853	155.8733378
78.80048057	155.8267446
78.83393175	155.7801355
78.86736209	155.7335108
78.90077062	155.6868703
78.93415735	155.6402141
78.96752322	155.5935422
79.00086825	155.5468546
79.03419147	155.5001513
79.06749384	155.4534325
79.10077441	155.4066979
79.13403318	155.3599477
79.16727204	155.3131819
79.20048815	155.2664004
79.23368341	155.2196034
79.26685782	155.1727908
79.30001043	155.1259627
79.33314218	155.079119
79.36625213	155.0322598
79.39934123	154.9853849
79.43240853	154.9384947
79.46545498	154.8915889
79.49848057	154.8446677
79.53148436	154.7977309
79.56446635	154.7507787
79.59742749	154.7038112
79.63036777	154.6568281
79.66328626	154.6098297
79.69618389	154.5628157
79.72905972	154.5157865
79.76191469	154.4687418
79.79474787	154.4216819
79.82756019	154.3746065
79.86035166	154.3275158
79.89312133	154.2804099
79.92587014	154.2332885
79.95859716	154.1861519
79.99130332	154.1390001
80.02398768	154.0918329
80.05665118	154.0446505
80.08929384	153.9974529
80.12191469	153.95024
80.15451469	153.9030119
80.18709289	153.8557686
80.21965024	153.8085101
80.25218673	153.7612365
80.28470142	153.7139477
80.31719526	153.6666437
80.3496673	153.6193246
80.38211848	153.5719904
80.41454882	153.524641
80.44695735	153.4772766
80.47934502	153.4298971
80.51171185	153.3825025
80.54405687	153.3350929
80.57638104	153.2876682
80.60868341	153.2402285
80.64096493	153.1927737
80.67322559	153.145304
80.70546445	153.0978193
80.73768246	153.0503196
80.76987867	153.0028049
80.80205498	152.9552753
80.83420853	152.9077308
80.86634218	152.8601713
80.89845403	152.8125969
80.93054502	152.7650076
80.96261422	152.7174034
80.99466351	152.6697843
81.02669005	152.6221504
81.05869668	152.5745017
81.09068152	152.5268381
81.1226455	152.4791597
81.15458768	152.4314664
81.18650995	152.3837584
81.21841043	152.3360356
81.2502891	152.288298
81.28214692	152.2405457
81.31398389	152.1927786
81.3458	152.1449968
81.37759431	152.0972003
81.40936777	152.0493891
81.44112038	152.0015631
81.47285118	151.9537225
81.50456209	151.9058672
81.53625024	151.8579972
81.56791848	151.8101127
81.59956493	151.7622135
81.63119052	151.7142996
81.66279526	151.6663713
81.6943782	151.6184282
81.72594028	151.5704706
81.75748152	151.5224984
81.7890019	151.4745117
81.82050047	151.4265105
81.8519782	151.3784946
81.88343507	151.3304644
81.91487109	151.2824196
81.94628531	151.2343603
81.97767867	151.1862865
82.00905118	151.1381983
82.0404019	151.0900956
82.0717327	151.0419784
82.10304171	150.9938469
82.13432986	150.9457009
82.16559621	150.8975406
82.19684265	150.8493658
82.2280673	150.8011766
82.25927109	150.7529731
82.29045308	150.7047553
82.32161517	150.6565231
82.35275545	150.6082766
82.38387488	150.5600158
82.41497346	150.5117406
82.44605118	150.4634512
82.47710711	150.4151475
82.50814218	150.3668295
82.5391564	150.3184973
82.57014976	150.2701509
82.60112227	150.2217901
82.63207299	150.1734153
82.66300284	150.1250262
82.69391185	150.0766228
82.7248	150.0282054
82.7556673	149.9797737
82.7865128	149.9313279
82.81733839	149.882868
82.84814218	149.8343939
82.87892512	149.7859058
82.9096872	149.7374034
82.94042749	149.6888871
82.97114787	149.6403566
83.00184645	149.5918121
83.03252417	149.5432535
83.06318104	149.4946809
83.09381706	149.4460943
83.12443223	149.3974935
83.15502654	149.3488789
83.18559905	149.3002502
83.21615071	149.2516076
83.24668246	149.202951
83.27719242	149.1542803
83.30768057	149.1055958
83.33814882	149.0568974
83.36859621	149.008185
83.39902275	148.9594587
83.42942749	148.9107185
83.45981137	148.8619644
83.49017441	148.8131965
83.52051754	148.7644146
83.55083886	148.715619
83.58113839	148.6668095
83.61141801	148.6179862
83.64167678	148.569149
83.67191469	148.5202981
83.70213081	148.4714334
83.73232607	148.4225549
83.76250142	148.3736626
83.79265498	148.3247566
83.82278768	148.2758369
83.85289953	148.2269033
83.88299052	148.1779562
83.91306066	148.1289953
83.94310995	148.0800207
83.97313839	148.0310324
84.00314597	147.9820304
84.03313175	147.9330148
84.06309763	147.8839855
84.09304265	147.8349426
84.12296588	147.7858862
84.15286919	147.736816
84.18275071	147.6877323
84.21261232	147.638635
84.24245213	147.5895242
84.27227109	147.5403997
84.30207014	147.4912617
84.33184739	147.4421102
84.36160379	147.3929451
84.39134028	147.3437665
84.42105498	147.2945744
84.45074882	147.2453688
84.4804218	147.1961498
84.51007393	147.1469173
84.53970616	147.0976713
84.56931659	147.0484119
84.59890616	146.999139
84.62847488	146.9498527
84.65802275	146.900553
84.68755071	146.8512399
84.71705687	146.8019135
84.74654218	146.7525737
84.77600664	146.7032204
84.80545024	146.6538539
84.83487393	146.6044739
84.86427583	146.5550807
84.89365687	146.5056742
84.92301801	146.4562543
84.95235735	146.4068212
84.98167678	146.3573747
85.01097441	146.307915
85.04025213	146.258442
85.06950806	146.2089558
85.09874408	146.1594564
85.12795924	146.1099437
85.15715261	146.0604178
85.18632607	146.0108788
85.21547867	145.9613265
85.24461043	145.911761
85.27372133	145.8621824
85.30281137	145.8125906
85.33188057	145.7629856
85.36092891	145.7133676
85.38995735	145.6637364
85.41896398	145.6140921
85.44795071	145.5644348
85.47691564	145.5147642
85.50586066	145.4650807
85.53478483	145.415384
85.5636872	145.3656745
85.59256967	145.3159517
85.62143128	145.266216
85.65027299	145.2164672
85.67909289	145.1667054
85.70789194	145.1169307
85.73667109	145.0671429
85.76542938	145.0173422
85.79416588	144.9675285
85.82288246	144.9177018
85.8515782	144.8678622
85.88025403	144.8180098
85.90890806	144.7681443
85.93754123	144.7182661
85.9661545	144.6683748
85.99474692	144.6184707
86.02331848	144.5685537
86.05186919	144.5186239
86.08039905	144.4686811
86.10890806	144.4187257
86.13739716	144.3687572
86.1658654	144.3187761
86.1943128	144.2687821
86.22273934	144.2187753
86.25114502	144.1687558
86.27952986	144.1187235
86.30789479	144.0686784
86.33623886	144.0186205
86.36456209	143.9685499
86.39286445	143.9184666
86.42114597	143.8683706
86.44940758	143.8182619
86.47764739	143.7681405
86.5058673	143.7180064
86.5340673	143.6678596
86.5622455	143.6177002
86.59040379	143.5675281
86.61854028	143.5173434
86.64665782	143.467146
86.67475355	143.4169361
86.70282844	143.3667135
86.73088341	143.3164783
86.75891754	143.2662306
86.78693081	143.2159702
86.81492417	143.1656974
86.84289573	143.1154119
86.87084739	143.065114
86.89877915	143.0148035
86.9266891	142.9644805
86.95457915	142.9141449
86.98244834	142.8637969
87.01029668	142.8134364
87.03812417	142.7630634
87.06593175	142.712678
87.09371848	142.6622801
87.12148436	142.6118698
87.14923033	142.5614469
87.17695545	142.5110118
87.20465972	142.4605642
87.23234408	142.4101042
87.26000664	142.3596318
87.28764929	142.3091471
87.31527204	142.2586499
87.34287299	142.2081404
87.37045403	142.1576186
87.39801517	142.1070845
87.4255545	142.056538
87.45307393	142.0059793
87.48057251	141.9554082
87.50805118	141.9048248
87.535509	141.8542291
87.56294597	141.8036212
87.59036303	141.753001
87.61775829	141.7023686
87.6451346	141.6517239
87.6724891	141.601067
87.6998237	141.5503979
87.72713744	141.4997167
87.75443128	141.4490232
87.78170427	141.3983175
87.8089564	141.3475996
87.83618863	141.2968697
87.8634	141.2461275
87.89059147	141.1953732
87.91776114	141.1446068
87.94491185	141.0938282
87.97204076	141.0430376
87.99914976	140.9922349
88.02623886	140.94142
88.05330616	140.8905931
88.08035355	140.8397541
88.10738104	140.7889031
88.13438768	140.73804
88.16137346	140.6871649
88.18833934	140.6362778
88.21528436	140.5853786
88.24220948	140.5344675
88.26911374	140.4835444
88.29599716	140.4326093
88.32286066	140.3816622
88.34970332	140.3307032
88.37652607	140.2797321
88.40332796	140.2287493
88.43010995	140.1777544
88.45687109	140.1267476
88.48361137	140.0757289
88.51033175	140.0246984
88.53703223	139.973656
88.56371185	139.9226016
88.59037062	139.8715354
88.61700948	139.8204573
88.64362749	139.7693675
88.67022559	139.7182657
88.69680284	139.6671522
88.72336019	139.6160268
88.74989668	139.5648896
88.77641232	139.5137407
88.80290806	139.46258
88.82938389	139.4114075
88.85583886	139.3602232
88.88227393	139.3090272
88.90868815	139.2578194
88.93508246	139.2066
88.96145592	139.1553688
88.98780853	139.1041258
89.01414218	139.0528713
89.04045403	139.001605
89.06674692	138.950327
89.09301801	138.8990374
89.11927014	138.8477361
89.14550142	138.7964232
89.17171185	138.7450986
89.19790237	138.6937624
89.22407204	138.6424146
89.2502218	138.5910552
89.27635166	138.5396842
89.30246066	138.4883016
89.32854976	138.4369074
89.35461801	138.3855017
89.38066635	138.3340845
89.40669384	138.2826556
89.43270142	138.2312153
89.4586891	138.1797634
89.48465592	138.1283
89.51060284	138.0768251
89.53652891	138.0253387
89.56243507	137.9738408
89.58832133	137.9223315
89.61418673	137.8708108
89.64003128	137.8192785
89.66585687	137.7677348
89.69166161	137.7161797
89.7174455	137.6646131
89.74321043	137.6130352
89.76895355	137.5614459
89.79467773	137.5098451
89.82038104	137.458233
89.84606445	137.4066095
89.87172701	137.3549747
89.89736967	137.3033285
89.92299242	137.251671
89.94859431	137.2000021
89.9741763	137.148322
89.99973839	137.0966305
90.02527962	137.0449278
90.05080095	136.9932136
90.07630237	136.9414883
90.10178294	136.8897517
90.1272436	136.8380038
90.15268436	136.7862447
90.17810427	136.7344743
90.20350427	136.6826928
90.22888436	136.6309
90.2542436	136.579096
90.27958389	136.5272808
90.30490332	136.4754544
90.3302019	136.4236169
90.35548057	136.3717681
90.38073934	136.3199083
90.4059782	136.2680373
90.43119716	136.216155
90.45639526	136.1642618
90.48157346	136.1123574
90.50673175	136.0604418
90.53186919	136.0085153
90.55698673	135.9565776
90.58208436	135.9046288
90.60716209	135.852669
90.63221896	135.8006981
90.65725687	135.7487161
90.68227393	135.6967231
90.70727014	135.6447192
90.73224739	135.5927041
90.75720379	135.5406781
90.78214028	135.4886411
90.80705687	135.4365931
90.83195355	135.3845341
90.85682938	135.3324641
90.88168626	135.2803832
90.90652227	135.2282914
90.93133839	135.1761887
90.95613365	135.1240749
90.98090995	135.0719503
91.0056654	135.0198148
91.03040095	134.9676683
91.05511659	134.915511
91.07981232	134.8633428
91.10448815	134.8111638
91.12914313	134.7589739
91.15377915	134.706773
91.17839431	134.6545614
91.20298957	134.6023391
91.22756493	134.5501058
91.25212038	134.4978617
91.27665592	134.4456069
91.30117062	134.3933413
91.32566635	134.3410649
91.35014123	134.2887776
91.37459621	134.2364797
91.39903128	134.184171
91.42344645	134.1318516
91.44784171	134.0795214
91.47221706	134.0271806
91.49657156	133.974829
91.52090711	133.9224667
91.54522275	133.8700937
91.56951754	133.81771
91.59379242	133.7653158
91.61804834	133.7129107
91.64228341	133.6604951
91.66649858	133.6080688
91.69069384	133.5556319
91.71486919	133.5031844
91.73902464	133.4507263
91.76316019	133.3982576
91.78727583	133.3457782
91.81137156	133.2932883
91.83544739	133.2407879
91.85950332	133.1882768
91.88353934	133.1357552
91.9075545	133.0832231
91.93155071	133.0306804
91.95552701	132.9781272
91.97948341	132.9255635
92.00341991	132.8729893
92.02733555	132.8204046
92.05123223	132.7678095
92.075109	132.7152038
92.09896588	132.6625876
92.12280284	132.6099611
92.14661991	132.557324
92.17041706	132.5046766
92.19419431	132.4520187
92.21795166	132.3993504
92.2416891	132.3466717
92.26540664	132.2939826
92.28910427	132.2412831
92.31278199	132.1885732
92.33643981	132.135853
92.36007867	132.0831224
92.38369668	132.0303814
92.40729573	131.9776302
92.43087393	131.9248686
92.45443318	131.8720967
92.47797251	131.8193144
92.50149194	131.7665219
92.52499147	131.7137191
92.54847109	131.6609059
92.57193081	131.6080825
92.59537156	131.5552489
92.61879147	131.5024051
92.64219242	131.4495509
92.66557346	131.3966865
92.68893365	131.3438119
92.71227583	131.2909272
92.73559716	131.2380321
92.75889858	131.1851269
92.78218104	131.1322116
92.80544265	131.079286
92.82868531	131.0263503
92.85190806	130.9734044
92.8751109	130.9204484
92.89829479	130.8674822
92.92145782	130.8145059
92.9446019	130.7615195
92.96772607	130.708523
92.99083033	130.6555164
93.01391564	130.6024996
93.03698009	130.5494729
93.06002559	130.496436
93.08305118	130.4433891
93.10605687	130.3903321
93.1290436	130.3372652
93.15201043	130.2841881
93.17495735	130.2311011
93.19788436	130.178004
93.22079147	130.1248969
93.24367962	130.0717799
93.26654787	130.0186528
93.28939621	129.9655158
93.31222559	129.9123689
93.33503507	129.8592119
93.35782464	129.806045
93.38059431	129.7528681
93.40334502	129.6996814
93.42607583	129.6464847
93.44878673	129.5932781
93.47147867	129.5400617
93.49415071	129.4868353
93.51680284	129.4335991
93.53943602	129.380353
93.56204929	129.327097
93.58464265	129.2738312
93.60721706	129.2205555
93.62977156	129.16727
93.65230616	129.1139746
93.6748218	129.0606695
93.69731754	129.0073545
93.71979431	128.9540299
93.74225024	128.9006953
93.76468815	128.847351
93.78710521	128.793997
93.80950332	128.7406332
93.83188246	128.6872596
93.85424076	128.6338763
93.87658104	128.5804832
93.89890047	128.5270804
93.92120095	128.473668
93.94348246	128.4202458
93.96574408	128.3668139
93.98798578	128.3133724
94.01020853	128.2599212
94.03241137	128.2064603
94.05459526	128.1529898
94.07675924	128.0995096
94.09890427	128.0460198
94.12102938	127.9925204
94.1431346	127.9390113
94.16522085	127.8854927
94.18728815	127.8319645
94.20933555	127.7784266
94.23136303	127.7248791
94.25337251	127.6713221
94.27536114	127.6177556
94.29733081	127.5641795
94.31928152	127.5105938
94.34121232	127.4569987
94.36312417	127.403394
94.38501611	127.3497797
94.4068891	127.296156
94.42874218	127.2425228
94.4505763	127.1888801
94.47239052	127.1352279
94.49418578	127.0815663
94.51596209	127.0278952
94.53771848	126.9742147
94.55945592	126.9205246
94.58117346	126.8668252
94.60287204	126.8131164
94.62455071	126.7593981
94.64621137	126.7056704
94.66785118	126.6519334
94.68947299	126.5981869
94.71107488	126.5444312
94.73265687	126.490666
94.75422085	126.4368915
94.77576493	126.3831076
94.7972891	126.3293144
94.81879526	126.2755118
94.84028152	126.2217
94.86174787	126.1678788
94.88319526	126.1140483
94.9046237	126.0602086
94.92603318	126.0063595
94.94742275	125.9525012
94.96879336	125.8986336
94.99014502	125.8447567
95.01147773	125.7908707
95.03279052	125.7369753
95.05408436	125.6830707
95.07535829	125.629157
95.09661422	125.575234
95.11785024	125.5213018
95.1390673	125.4673604
95.16026445	125.4134099
95.1814436	125.3594501
95.20260284	125.3054813
95.22374313	125.2515032
95.24486445	125.197516
95.26596588	125.1435197
95.28704929	125.0895143
95.3081128	125.0354997
95.32915735	124.981476
95.35018199	124.9274432
95.37118863	124.8734013
95.39217536	124.8193504
95.41314408	124.7652903
95.43409289	124.7112213
95.45502275	124.6571431
95.4759327	124.6030559
95.49682464	124.5489596
95.51769668	124.4948544
95.53855071	124.4407402
95.55938483	124.3866169
95.5802	124.3324846
95.60099621	124.2783433
95.62177346	124.224193
95.64253175	124.1700339
95.66327109	124.1158657
95.68399052	124.0616885
95.70469194	124.0075024
95.72537346	123.9533074
95.74603697	123.8991035
95.76668057	123.8448906
95.78730616	123.7906688
95.80791185	123.7364381
95.82849858	123.6821986
95.84906635	123.6279501
95.86961611	123.5736928
95.89014597	123.5194266
95.91065687	123.4651515
95.93114882	123.4108676
95.9516218	123.3565749
95.97207678	123.3022733
95.99251185	123.247963
96.01292796	123.1936438
96.03332512	123.1393158
96.05370427	123.084979
96.07406351	123.0306335
96.09440474	122.9762791
96.11472607	122.921916
96.13502938	122.8675441
96.1553128	122.8131635
96.1755782	122.7587741
96.19582464	122.7043761
96.21605213	122.6499693
96.23626066	122.5955538
96.25645024	122.5411296
96.27662085	122.4866967
96.29677251	122.432255
96.31690616	122.3778048
96.33701991	122.3233458
96.35711564	122.2688782
96.37719242	122.214402
96.39725024	122.1599171
96.4172891	122.1054236
96.437309	122.0509214
96.4573109	121.9964107
96.47729384	121.9418913
96.49725782	121.8873634
96.51720284	121.8328268
96.53712891	121.7782816
96.55703697	121.723728
96.57692512	121.6691657
96.59679526	121.6145949
96.61664739	121.5600155
96.63647962	121.5054276
96.65629384	121.4508312
96.6760891	121.3962262
96.6958654	121.3416128
96.7156237	121.2869909
96.73536209	121.2323605
96.75508246	121.1777216
96.77478483	121.1230741
96.7944673	121.0684183
96.81413175	121.013754
96.8337782	120.9590812
96.85340474	120.9044001
96.87301327	120.8497105
96.89260379	120.7950124
96.91217441	120.7403059
96.93172701	120.6855911
96.95126066	120.6308678
96.9707763	120.5761362
96.99027299	120.5213962
97.00975166	120.4666478
97.02921043	120.411891
97.04865213	120.357126
97.06807393	120.3023525
97.08747773	120.2475708
97.10686351	120.1927807
97.12623033	120.1379823
97.1455782	120.0831756
97.16490806	120.0283606
97.18421896	119.9735373
97.20351185	119.9187056
97.22278578	119.8638658
97.24204076	119.8090177
97.26127773	119.7541613
97.28049668	119.6992967
97.29969668	119.6444239
97.31887867	119.5895427
97.33804171	119.5346534
97.35718578	119.4797559
97.37631185	119.4248503
97.39541991	119.3699363
97.414509	119.3150143
97.43358009	119.2600839
97.45263223	119.2051455
97.47166635	119.1501989
97.49068246	119.0952442
97.50967962	119.0402813
97.52865782	118.9853102
97.54761801	118.9303311
97.56656019	118.8753438
97.58548341	118.8203484
97.60438863	118.7653449
97.62327583	118.7103334
97.64214408	118.6553137
97.66099431	118.600286
97.67982654	118.5452502
97.69863981	118.4902063
97.71743507	118.4351544
97.73621137	118.3800945
97.75497062	118.3250265
97.7737109	118.2699504
97.79243223	118.2148665
97.81113649	118.1597744
97.8298218	118.1046745
97.84848815	118.0495665
97.86713744	117.9944505
97.88576777	117.9393265
97.90438009	117.8841945
97.92297441	117.8290547
97.94154976	117.7739069
97.96010711	117.7187511
97.97864645	117.6635875
97.99716777	117.6084158
98.01567109	117.5532364
98.03415545	117.4980489
98.0526218	117.4428536
98.07107014	117.3876504
98.08950047	117.3324393
98.1079128	117.2772203
98.12630616	117.2219935
98.14468246	117.1667589
98.16303981	117.1115164
98.18137915	117.056266
98.19970047	117.0010078
98.21800379	116.9457419
98.2362891	116.890468
98.25455545	116.8351864
98.27280474	116.779897
98.29103507	116.7245998
98.30924834	116.6692948
98.32744265	116.6139821
98.34561896	116.5586616
98.3637782	116.5033334
98.38191848	116.4479973
98.40004076	116.3926536
98.41814502	116.3373022
98.43623128	116.281943
98.45429953	116.2265761
98.47234976	116.1712015
98.49038199	116.1158192
98.50839621	116.0604292
98.52639242	116.0050316
98.54437156	115.9496263
98.56233175	115.8942132
98.58027393	115.8387926
98.5981981	115.7833643
98.61610521	115.7279284
98.63399336	115.6724849
98.65186445	115.6170337
98.66971659	115.5615749
98.68755166	115.5061085
98.70536872	115.4506346
98.72316777	115.395153
98.74094882	115.3396639
98.75871185	115.2841672
98.77645687	115.2286629
98.79418483	115.173151
98.81189384	115.1176316
98.82958578	115.0621048
98.84725972	115.0065703
98.86491564	114.9510284
98.8825545	114.8954789
98.90017441	114.8399219
98.91777725	114.7843575
98.93536209	114.7287855
98.95292986	114.673206
98.97047867	114.6176191
98.98801043	114.5620247
99.00552417	114.5064229
99.02301991	114.4508136
99.04049858	114.3951969
99.05795829	114.3395728
99.07540095	114.2839412
99.09282654	114.2283022
99.11023412	114.1726558
99.1276237	114.117002
99.14499526	114.0613408
99.16234976	114.0056722
99.17968626	113.9499962
99.19700474	113.8943129
99.21430616	113.8386223
99.23158957	113.7829242
99.24885498	113.7272189
99.26610332	113.6715062
99.2833346	113.6157862
99.30054692	113.5600589
99.31774218	113.5043242
99.33492038	113.4485823
99.35208057	113.392833
99.36922275	113.3370764
99.38634787	113.2813126
99.40345498	113.2255415
99.42054502	113.1697632
99.43761706	113.1139775
99.45467204	113.0581848
99.471709	113.0023847
99.48872891	112.9465773
99.50573081	112.8907628
99.52271564	112.834941
99.53968246	112.779112
99.55663223	112.7232759
99.57356493	112.6674326
99.59047962	112.6115821
99.6073763	112.5557244
99.62425592	112.4998595
99.64111848	112.4439874
99.65796303	112.3881083
99.67479052	112.3322219
99.69160095	112.2763285
99.70839336	112.2204279
99.72516777	112.1645202
99.74192607	112.1086054
99.75866635	112.0526835
99.77538957	111.9967545
99.79209479	111.9408183
99.80878294	111.8848751
99.82545403	111.8289248
99.84210711	111.7729676
99.85874313	111.7170032
99.87536209	111.6610317
99.89196398	111.6050533
99.90854787	111.5490678
99.92511469	111.4930753
99.94166445	111.4370757
99.95819716	111.3810692
99.97471185	111.3250556
99.99120948	111.2690351
100.00769	111.2130075
100.0241536	111.156973
100.0405991	111.1009315
100.0570275	111.0448831
100.0734398	110.9888277
100.0898341	110.9327654
100.1062114	110.8766961
100.1225706	110.8206199
100.1389137	110.7645367
100.1552389	110.7084466
100.1715479	110.6523496
100.1878389	110.5962458
100.2041128	110.540135
100.2203697	110.4840173
100.2366095	110.4278928
100.2528322	110.3717614
100.2690379	110.3156232
100.2852256	110.259478
100.3013972	110.203326
100.3175517	110.1471672
100.3336882	110.0910017
100.3498085	110.0348291
100.3659118	109.9786499
100.3819972	109.9224638
100.3980664	109.8662709
100.4141185	109.8100712
100.4301536	109.7538647
100.4461706	109.6976515
100.4621716	109.6414314
100.4781555	109.5852047
100.4941223	109.5289711
100.510072	109.4727309
100.5260047	109.4164838
100.5419204	109.36023
100.5578199	109.3039696
100.5737014	109.2477023
100.5895668	109.1914284
100.6054152	109.1351478
100.6212464	109.0788605
100.6370607	109.0225665
100.6528578	108.9662658
100.6686379	108.9099584
100.6844019	108.8536444
100.7001488	108.7973237
100.7158787	108.7409964
100.7315915	108.6846624
100.7472882	108.6283217
100.7629668	108.5719745
100.7786294	108.5156207
100.7942749	108.4592601
100.8099043	108.4028931
100.8255166	108.3465193
100.8411118	108.2901391
100.85669	108.2337522
100.8722521	108.1773588
100.8877972	108.1209588
100.9033251	108.0645522
100.918837	108.0081391
100.9343318	107.9517194
100.9498095	107.8952932
100.9652711	107.8388605
100.9807156	107.7824212
100.9961431	107.7259754
101.0115545	107.6695231
101.0269488	107.6130643
101.042327	107.556599
101.0576882	107.5001272
101.0730332	107.4436489
101.0883611	107.3871642
101.103672	107.330673
101.1189668	107.2741754
101.1342445	107.2176712
101.1495062	107.1611606
101.1647507	107.1046436
101.1799791	107.0481202
101.1951915	106.9915903
101.2103867	106.9350541
101.2255649	106.8785114
101.240727	106.8219623
101.255873	106.7654068
101.2710019	106.708845
101.2861137	106.6522768
101.3012095	106.5957022
101.3162891	106.5391212
101.3313526	106.4825338
101.3463991	106.4259401
101.3614294	106.3693401
101.3764427	106.3127338
101.3914398	106.256121
101.4064199	106.199502
101.4213848	106.1428767
101.4363327	106.086245
101.4512635	106.0296071
101.4661791	105.9729629
101.4810777	105.9163124
101.4959592	105.8596556
101.5108256	105.8029925
101.5256749	105.7463231
101.5405081	105.6896476
101.5553251	105.6329656
101.5701251	105.5762776
101.584909	105.5195832
101.5996777	105.4628827
101.6144284	105.406176
101.629164	105.3494629
101.6438825	105.2927437
101.6585858	105.2360183
101.673272	105.1792867
101.6879422	105.1225489
101.7025962	105.0658049
101.7172332	105.0090548
101.731855	104.9522985
101.7464597	104.895536
101.7610493	104.8387674
101.7756218	104.7819926
101.7901782	104.7252117
101.8047185	104.6684247
101.8192427	104.6116315
101.8337507	104.5548322
101.8482427	104.4980268
101.8627185	104.4412153
101.8771782	104.3843977
101.8916218	104.327574
101.9060493	104.2707442
101.9204607	104.2139084
101.934855	104.1570664
101.9492341	104.1002185
101.9635972	104.0433645
101.9779441	103.9865044
101.9922758	103.9296382
102.0065905	103.872766
102.0208891	103.8158879
102.0351716	103.7590036
102.0494389	103.7021133
102.0636891	103.6452171
102.0779242	103.5883149
102.0921431	103.5314067
102.106346	103.4744924
102.1205327	103.4175723
102.1347033	103.360646
102.1488578	103.3037139
102.1629972	103.2467758
102.1771204	103.1898317
102.1912275	103.1328818
102.2053185	103.0759258
102.2193943	103.0189639
102.2334531	102.961996
102.2474967	102.9050223
102.2615242	102.8480427
102.2755365	102.7910571
102.2895327	102.7340657
102.3035128	102.6770683
102.3174768	102.6200651
102.3314256	102.563056
102.3453583	102.506041
102.3592749	102.4490201
102.3731763	102.3919935
102.3870616	102.3349608
102.4009308	102.2779224
102.4147848	102.2208781
102.4286227	102.1638281
102.4424445	102.1067722
102.4562512	102.0497104
102.4700417	101.9926429
102.4838171	101.9355695
102.4975763	101.8784903
102.5113204	101.8214054
102.5250483	101.7643146
102.5387611	101.7072181
102.5524578	101.6501158
102.5661384	101.5930078
102.5798038	101.5358939
102.593454	101.4787743
102.6070882	101.4216489
102.6207062	101.3645178
102.634309	101.307381
102.6478967	101.2502385
102.6614682	101.1930903
102.6750246	101.1359363
102.6885649	101.0787766
102.70209	101.0216111
102.7155991	100.9644401
102.7290938	100.9072633
102.7425716	100.8500808
102.7560351	100.7928927
102.7694825	100.7356989
102.7829137	100.6784994
102.7963308	100.6212942
102.8097318	100.5640834
102.8231166	100.506867
102.8364872	100.4496449
102.8498417	100.3924172
102.863181	100.3351839
102.8765043	100.2779449
102.8898133	100.2207003
102.9031062	100.1634502
102.9163829	100.1061944
102.9296455	100.048933
102.9428919	99.99166602
102.9561232	99.93439345
102.9693393	99.87711535
102.9825403	99.81983162
102.9957261	99.76254237
103.0088957	99.70524757
103.0220502	99.64794725
103.0351896	99.5906413
103.0483137	99.53332981
103.0614227	99.47601289
103.0745166	99.41869034
103.0875953	99.36136234
103.1006578	99.30402882
103.1137052	99.24668975
103.1267384	99.18934516
103.1397555	99.13199512
103.1527573	99.07463964
103.165745	99.01727862
103.1787166	98.95991207
103.191673	98.90254017
103.2046142	98.84516273
103.2175403	98.78777985
103.2304512	98.73039143
103.2433469	98.67299766
103.2562284	98.61559845
103.2690938	98.55819379
103.2819441	98.50078369
103.2947801	98.44336823
103.3076	98.38594734
103.3204047	98.32852099
103.3331953	98.2710892
103.3459706	98.21365206
103.3587308	98.15620956
103.3714758	98.09876162
103.3842057	98.04130833
103.3969204	97.98384968
103.4096199	97.92638568
103.4223052	97.86891633
103.4349754	97.81144155
103.4476303	97.75396146
103.4602701	97.69647604
103.4728948	97.63898526
103.4855052	97.58148915
103.4981005	97.52398773
103.5106806	97.46648098
103.5232455	97.40896892
103.5357953	97.35145156
103.5483308	97.29392889
103.5608512	97.23640093
103.5733573	97.17886767
103.5858483	97.12132914
103.5983242	97.06378533
103.6107848	97.00623623
103.6232313	96.94868188
103.6356626	96.89112227
103.6480787	96.8335574
103.6604806	96.77598729
103.6728673	96.71841194
103.6852398	96.66083134
103.6975972	96.60324553
103.7099393	96.54565447
103.7222673	96.48805821
103.7345801	96.43045672
103.7468787	96.37285004
103.7591621	96.31523815
103.7714313	96.25762106
103.7836853	96.19999878
103.7959242	96.14237133
103.8081488	96.08473869
103.8203592	96.02710088
103.8325545	95.9694579
103.8447355	95.91180976
103.8569014	95.85415647
103.8690531	95.79649803
103.8811896	95.73883443
103.8933118	95.68116571
103.905419	95.62349185
103.9175118	95.56581286
103.9295905	95.50812876
103.941654	95.45043954
103.9537033	95.39274519
103.9657374	95.33504576
103.9777573	95.27734122
103.989763	95.21963159
104.0017545	95.16191688
104.0137308	95.10419708
104.0256919	95.0464722
104.0376398	94.98874226
104.0495725	94.93100725
104.061491	94.87326718
104.0733953	94.81552206
104.0852844	94.75777189
104.0971592	94.70001667
104.1090199	94.64225642
104.1208664	94.58449113
104.1326976	94.52672083
104.1445156	94.4689455
104.1563185	94.41116515
104.1681071	94.3533798
104.1798806	94.29558944
104.1916408	94.23779409
104.2033858	94.17999375
104.2151166	94.12218841
104.2268332	94.06437809
104.2385355	94.0065628
104.2502237	93.94874253
104.2618976	93.8909173
104.2735573	93.83308711
104.2852019	93.77525197
104.2968332	93.71741188
104.3084493	93.65956684
104.3200521	93.60171687
104.3316398	93.54386195
104.3432133	93.48600212
104.3547735	93.42813736
104.3663185	93.37026769
104.3778493	93.3123931
104.3893659	93.2545136
104.4008692	93.19662921
104.4123573	93.13873992
104.4238313	93.08084575
104.4352919	93.02294669
104.4467374	92.96504274
104.4581697	92.90713393
104.4695877	92.84922025
104.4809905	92.79130169
104.4923801	92.73337829
104.5037555	92.67545004
104.5151175	92.61751693
104.5264645	92.55957898
104.5377972	92.5016362
104.5491166	92.44368858
104.5604209	92.38573614
104.5717118	92.32777888
104.5829886	92.26981679
104.5942521	92.2118499
104.6055005	92.15387821
104.6167355	92.09590171
104.6279564	92.03792043
104.639163	91.97993435
104.6503564	91.92194348
104.6615346	91.86394784
104.6726995	91.80594741
104.6838512	91.74794223
104.6949877	91.68993228
104.7061109	91.63191757
104.7172199	91.57389811
104.7283156	91.51587389
104.7393972	91.45784494
104.7504645	91.39981124
104.7615175	91.34177281
104.7725573	91.28372965
104.7835839	91.22568177
104.7945953	91.16762918
104.8055934	91.10957187
104.8165782	91.05150985
104.8275488	90.99344313
104.8385052	90.93537172
104.8494483	90.8772956
104.8603773	90.81921481
104.8712929	90.76112932
104.8821943	90.70303917
104.8930815	90.64494434
104.9039564	90.58684483
104.9148161	90.52874067
104.9256626	90.47063185
104.9364957	90.41251838
104.9473147	90.35440027
104.9581204	90.2962775
104.9689118	90.23815011
104.97969	90.18001808
104.990454	90.12188141
105.0012047	90.06374013
105.0119422	90.00559423
105.0226654	89.94744371
105.0333754	89.88928859
105.0440711	89.83112887
105.0547536	89.77296455
105.0654227	89.71479563
105.0760777	89.65662212
105.0867194	89.59844404
105.0973479	89.54026137
105.1079621	89.48207412
105.118563	89.42388231
105.1291507	89.36568594
105.1397242	89.30748501
105.1502853	89.24927951
105.1608322	89.19106948
105.1713649	89.13285489
105.1818853	89.07463577
105.1923915	89.0164121
105.2028844	88.95818392
105.213364	88.8999512
105.2238294	88.84171396
105.2342815	88.78347221
105.2447213	88.72522595
105.2551469	88.66697517
105.2655583	88.60871989
105.2759573	88.55046012
105.2863431	88.49219586
105.2967147	88.43392711
105.307073	88.37565387
105.317418	88.31737616
105.3277498	88.25909397
105.3380682	88.20080731
105.3483735	88.1425162
105.3586654	88.08422061
105.3689441	88.02592058
105.3792085	87.96761609
105.3894607	87.90930715
105.3996995	87.85099378
105.4099242	87.79267597
105.4201365	87.73435373
105.4303346	87.67602706
105.4405204	87.61769597
105.4506929	87.55936045
105.4608512	87.50102053
105.4709972	87.4426762
105.4811299	87.38432746
105.4912483	87.32597432
105.5013545	87.26761679
105.5114474	87.20925486
105.521527	87.15088855
105.5315934	87.09251787
105.5416464	87.0341428
105.5516872	86.97576335
105.5617137	86.91737955
105.571728	86.85899137
105.581728	86.80059884
105.5917156	86.74220196
105.60169	86.68380072
105.6117308	86.62492767
105.6216777	86.56652599
105.6316114	86.50811999
105.6415318	86.44970967
105.6514398	86.39129501
105.6613336	86.33287605
105.6712152	86.27445276
105.6810834	86.21602517
105.6909393	86.15759327
105.700781	86.09915708
105.7106104	86.04071658
105.7204265	85.98227179
105.7302303	85.92382272
105.7400209	85.86536936
105.7497981	85.80691172
105.7595621	85.7484498
105.7693137	85.68998361
105.7790521	85.63151316
105.7887782	85.57303843
105.798491	85.51455946
105.8081905	85.45607622
105.8178768	85.39758873
105.8275507	85.33909701
105.8372123	85.28060103
105.8468607	85.2221008
105.8564957	85.16359636
105.8661175	85.10508767
105.875728	85.04657476
105.8853242	84.98805762
105.8949081	84.92953626
105.9044796	84.8710107
105.9140379	84.81248091
105.9235829	84.75394692
105.9331156	84.69540872
105.9426351	84.63686633
105.9521422	84.57831973
105.961637	84.51976895
105.9711185	84.46121398
105.9805877	84.40265482
105.9900436	84.34409148
105.9994863	84.28552397
106.0089175	84.22695228
106.0183355	84.16837643
106.0277403	84.10979641
106.0371327	84.05121223
106.0465128	83.99262388
106.0558796	83.93403139
106.0652341	83.87543474
106.0745763	83.81683395
106.0839052	83.75822902
106.0932218	83.69961995
106.1025261	83.64100674
106.1118171	83.58238941
106.1210957	83.52376795
106.1303611	83.46514236
106.1396152	83.40651266
106.1488559	83.34787884
106.1580844	83.28924091
106.1672995	83.23059887
106.1765024	83.17195273
106.1856938	83.11330248
106.1948711	83.05464814
106.204037	82.9959897
106.2131896	82.93732718
106.2223299	82.87866058
106.2314578	82.81998989
106.2405735	82.76131512
106.2496768	82.70263627
106.2587668	82.64395337
106.2678445	82.58526638
106.2769109	82.52657534
106.285964	82.46788023
106.2950038	82.40918108
106.3040322	82.35047787
106.3130483	82.29177061
106.3220512	82.2330593
106.3310427	82.17434397
106.3400209	82.11562458
106.3489867	82.05690116
106.3579403	81.99817372
106.3668815	81.93944224
106.3758104	81.88070676
106.384727	81.82196724
106.3936313	81.76322371
106.4025232	81.70447617
106.4114028	81.64572462
106.4202701	81.58696907
106.4291251	81.52820951
106.4379678	81.46944596
106.4467981	81.41067841
106.4556161	81.35190687
106.4644218	81.29313135
106.4732152	81.23435185
106.4819962	81.17556836
106.4907659	81.11678089
106.4995223	81.05798947
106.5082664	80.99919406
106.5169991	80.94039469
106.5257185	80.88159136
106.5344265	80.82278407
106.5431223	80.76397283
106.5518057	80.70515763
106.5604768	80.64633849
106.5691355	80.58751541
106.577782	80.52868838
106.5864171	80.46985742
106.5950398	80.41102252
106.6036493	80.35218369
106.6122483	80.29334094
106.6208341	80.23449426
106.6294076	80.17564366
106.6379697	80.11678915
106.6465194	80.05793073
106.6550569	79.99906839
106.6635829	79.94020215
106.6720957	79.881332
106.6805972	79.82245796
106.6890863	79.76358002
106.6976332	79.70421962
106.7060986	79.64532673
106.7145526	79.58642999
106.7229953	79.52752939
106.7314246	79.46862494
106.7398427	79.40971663
106.7482493	79.35080448
106.7566427	79.29188848
106.7650246	79.23296865
106.7733953	79.17404497
106.7817526	79.11511747
106.7900986	79.05618614
106.7984332	78.99725097
106.8067555	78.93831199
106.8150654	78.87936919
106.823363	78.82042258
106.8316493	78.76147215
106.8399242	78.70251791
106.8481867	78.64355987
106.856437	78.58459803
106.8646758	78.52563239
106.8729024	78.46666297
106.8811175	78.40768974
106.8893204	78.34871273
106.8975109	78.28973194
106.905691	78.23074737
106.9138578	78.17175902
106.9220133	78.1127669
106.9301573	78.05377101
106.9382891	77.99477135
106.9464095	77.93576793
106.9545175	77.87676075
106.9626142	77.81774982
106.9706986	77.75873513
106.9787716	77.6997167
106.9868322	77.64069452
106.9948815	77.5816686
107.0029194	77.52263894
107.010945	77.46360555
107.0189592	77.40456842
107.0269621	77.34552756
107.0349526	77.28648298
107.0429308	77.22743468
107.0508986	77.16838266
107.058854	77.10932692
107.0667972	77.05026748
107.0747299	76.99120432
107.0826502	76.93213746
107.0905583	76.8730669
107.0984559	76.81399264
107.1063412	76.75491469
107.1142152	76.69583304
107.1220768	76.6367477
107.129927	76.57765869
107.1377659	76.51856598
107.1455934	76.45946961
107.1534085	76.40036956
107.1612123	76.34126583
107.1690047	76.28215844
107.1767858	76.22304738
107.1845555	76.16393266
107.1923128	76.10481428
107.2000588	76.04569224
107.2077934	75.98656656
107.2155166	75.92743723
107.2232275	75.86830424
107.230927	75.80916763
107.2386161	75.75002736
107.2462929	75.69088347
107.2539573	75.63173594
107.2616114	75.57258478
107.269254	75.51342999
107.2768844	75.45427159
107.2845043	75.39510956
107.2921118	75.33594392
107.2997081	75.27677467
107.3072929	75.2176018
107.3148664	75.15842532
107.3224284	75.09924525
107.3299791	75.04006157
107.3375185	74.98087429
107.3450464	74.92168342
107.3525621	74.86248896
107.3600673	74.80329091
107.3675611	74.74408928
107.3750427	74.68488406
107.3825137	74.62567527
107.3899735	74.5664629
107.3974209	74.50724697
107.4048578	74.44802746
107.4122825	74.38880438
107.4196967	74.32957774
107.4270995	74.27034754
107.434491	74.21111379
107.4418711	74.15187648
107.4492389	74.09263563
107.4565962	74.03339121
107.4639422	73.97414327
107.4712777	73.91489178
107.4786009	73.85563675
107.4859128	73.79637818
107.4932142	73.73711608
107.5005033	73.67785046
107.507782	73.61858131
107.5150493	73.55930863
107.5223052	73.50003244
107.5295498	73.44075273
107.5367829	73.3814695
107.5440047	73.32218277
107.5512161	73.26289252
107.5584161	73.20359877
107.5656047	73.14430152
107.572782	73.08500078
107.5799479	73.02569653
107.5871033	72.96638879
107.5942464	72.90707757
107.6013791	72.84776285
107.6085014	72.78844465
107.6156114	72.72912298
107.6227109	72.66979783
107.6297991	72.6104692
107.6368758	72.5511371
107.6439422	72.49180152
107.6509972	72.43246248
107.6580408	72.37311999
107.665073	72.31377403
107.6720948	72.25442461
107.6791052	72.19507174
107.6861043	72.13571542
107.6930929	72.07635564
107.7000701	72.01699242
107.707036	71.95762576
107.7139915	71.89825567
107.7209355	71.83888213
107.7278682	71.77950517
107.7347905	71.72012476
107.7417014	71.66074094
107.7486019	71.60135369
107.755491	71.54196301
107.7623687	71.48256891
107.769236	71.4231714
107.7760919	71.36377047
107.7829374	71.30436614
107.7897716	71.2449584
107.7965943	71.18554725
107.8034066	71.1261327
107.8102085	71.06671475
107.8169991	71.00729341
107.8237782	70.94786867
107.8305469	70.88844054
107.8373043	70.82900902
107.8440512	70.76957412
107.8507867	70.71013583
107.8575118	70.65069416
107.8642256	70.59124912
107.8709289	70.53180071
107.8776218	70.47234892
107.8843033	70.41289376
107.8909735	70.35343525
107.8976332	70.29397337
107.9042825	70.23450812
107.9109204	70.17503952
107.9175479	70.11556757
107.924164	70.05609226
107.9307697	69.99661361
107.9373649	69.93713161
107.9439488	69.87764626
107.9505213	69.81815758
107.9570844	69.75866556
107.963636	69.6991702
107.9701773	69.63967151
107.9767071	69.58016949
107.9832265	69.52066414
107.9897355	69.46115548
107.9962332	69.40164348
108.0027204	69.34212817
108.0091972	69.28260954
108.0156626	69.22308761
108.0221175	69.16356236
108.0285621	69.10403381
108.0349953	69.04450194
108.041418	68.98496678
108.0478303	68.92542832
108.0542322	68.86588656
108.0606227	68.8063415
108.0670038	68.74679315
108.0733735	68.68724152
108.0797318	68.6276866
108.0860806	68.56812839
108.092418	68.50856691
108.098745	68.44900215
108.1050616	68.38943411
108.1113678	68.3298628
108.1176626	68.27028821
108.1239469	68.21071037
108.1302209	68.15112925
108.1364844	68.09154488
108.1427374	68.03195725
108.1489801	67.97236635
108.1552114	67.9127722
108.1614332	67.8531748
108.1676436	67.79357415
108.1738436	67.73397026
108.1800332	67.67436312
108.1862123	67.61475274
108.192381	67.55513912
108.1985393	67.49552227
108.2046863	67.43590219
108.2108237	67.37627886
108.2169498	67.31665232
108.2230664	67.25702255
108.2291716	67.19738955
108.2352664	67.13775334
108.2413517	67.0781139
108.2474256	67.01847125
108.2534891	66.9588254
108.2595431	66.89917632
108.2655858	66.83952404
108.271618	66.77986855
108.2776398	66.72020987
108.2836521	66.66054798
108.2896531	66.6008829
108.2956436	66.54121462
108.3016246	66.48154314
108.3075943	66.42186849
108.3135536	66.36219064
108.3195033	66.3025096
108.3254417	66.24282539
108.3313706	66.18313799
108.3372891	66.12344743
108.3431972	66.06375368
108.3490948	66.00405676
108.354982	65.94435667
108.3608588	65.88465342
108.3667251	65.824947
108.372581	65.76523742
108.3784275	65.70552468
108.3842635	65.64580878
108.3900891	65.58608973
108.3959043	65.52636753
108.401709	65.46664217
108.4075033	65.40691367
108.4132882	65.34718203
108.4190616	65.28744724
108.4248256	65.22770932
108.4305791	65.16796825
108.4363232	65.10822405
108.4420559	65.04847672
108.4477791	64.98872626
108.4534919	64.92897267
108.4591943	64.86921596
108.4648872	64.80945612
108.4705687	64.74969317
108.4762408	64.6899271
108.4819033	64.63015791
108.4875545	64.5703856
108.4931962	64.5106102
108.4988275	64.45083168
108.5044493	64.39105006
108.5100597	64.33126533
108.5156607	64.2714775
108.5212521	64.21168658
108.5268332	64.15189255
108.5324038	64.09209544
108.537964	64.03229523
108.5435147	63.97249194
108.549055	63.91268556
108.5545848	63.8528761
108.5601052	63.79306356
108.5656161	63.73324793
108.5711156	63.67342923
108.5766057	63.61360746
108.5820863	63.55378261
108.5875564	63.49395469
108.5930161	63.43412372
108.5984664	63.37428966
108.6039062	63.31445256
108.6093365	63.25461239
108.6147564	63.19476917
108.6201668	63.13492289
108.6255668	63.07507355
108.6309564	63.01522117
108.6363365	62.95536574
108.6417071	62.89550725
108.6470673	62.83564574
108.6524171	62.77578117
108.6577573	62.71591358
108.6630882	62.65604294
108.6684085	62.59616927
108.6737194	62.53629256
108.6790199	62.47641283
108.6843109	62.41653008
108.6895915	62.35664429
108.6948626	62.29675548
108.7001232	62.23686365
108.7053744	62.17696882
108.7106161	62.11707096
108.7158474	62.05717009
108.7210692	61.9972662
108.7262815	61.93735931
108.7314834	61.87744941
108.7366758	61.81753652
108.7418578	61.7576206
108.7470303	61.69770171
108.7521934	61.6377798
108.757346	61.57785491
108.7624891	61.51792703
108.7676227	61.45799615
108.7727469	61.39806229
108.7778607	61.33812543
108.7829649	61.27818561
108.7880588	61.21824279
108.7931431	61.15829699
108.798218	61.09834822
108.8032834	61.03839648
108.8083393	60.97844177
108.8133848	60.91848408
108.8184209	60.85852343
108.8234474	60.79855981
108.8284645	60.73859323
108.8334711	60.67862369
108.8384682	60.61865119
108.8434559	60.55867572
108.8484341	60.49869731
108.8534019	60.43871596
108.8583611	60.37873164
108.86331	60.31874438
108.8682493	60.25875418
108.8731791	60.19876103
108.8780995	60.13876494
108.8830104	60.07876591
108.8879118	60.01876395
108.8928028	59.95875905
108.8976844	59.89875123
108.9025573	59.83874046
108.9074199	59.77872678
108.912273	59.71871016
108.9171166	59.65869063
108.9219507	59.59866818
108.9267754	59.5386428
108.9315905	59.47861451
108.9363962	59.41858331
108.9411924	59.35854919
108.9459782	59.29851216
108.9507555	59.23847222
108.9555232	59.17842938
108.9602815	59.11838364
108.9650303	59.05833499
108.9697687	58.99828345
108.9744986	58.93822901
108.979219	58.87817168
108.9839299	58.81811144
108.9886313	58.75804833
108.9933232	58.69798232
108.9980057	58.63791343
109.0026787	58.57784165
109.0073431	58.517767
109.0119972	58.45768946
109.0166427	58.39760904
109.0212777	58.33752575
109.0259043	58.27743958
109.0305213	58.21735055
109.0351289	58.15725864
109.039727	58.09716388
109.0443156	58.03706624
109.0488957	57.97696574
109.0534654	57.91686238
109.0580265	57.85675617
109.0625782	57.79664709
109.0671213	57.73653516
109.071654	57.67642038
109.0761782	57.61630275
109.0806929	57.55618228
109.0851981	57.49605895
109.0896938	57.43593278
109.094181	57.37580378
109.0986588	57.31567193
109.103127	57.25553724
109.1075858	57.19539973
109.112036	57.13525936
109.1164768	57.07511618
109.1209081	57.01497017
109.1253308	56.95482133
109.1297441	56.89466967
109.1341479	56.83451517
109.1385431	56.77435787
109.1429289	56.71419775
109.1473052	56.6540348
109.151673	56.59386904
109.1560313	56.53370047
109.160381	56.47352909
109.1647213	56.4133549
109.1690521	56.3531779
109.1733744	56.2929981
109.1776872	56.2328155
109.1819915	56.1726301
109.1862863	56.1124419
109.1905716	56.05225091
109.1948483	55.99205712
109.1991166	55.93186053
109.2033754	55.87166116
109.2076246	55.811459
109.2118654	55.75125405
109.2160976	55.69104633
109.2203204	55.63083582
109.2245336	55.57062252
109.2287384	55.51040646
109.2329346	55.45018762
109.2371213	55.389966
109.2412995	55.32974161
109.2454682	55.26951444
109.2496284	55.20928452
109.2537791	55.14905183
109.2579223	55.08881637
109.262055	55.02857815
109.2661801	54.96833718
109.2702957	54.90809344
109.2744019	54.84784695
109.2784995	54.78759771
109.2825886	54.7273457
109.2866692	54.66709096
109.2907403	54.60683347
109.2948028	54.54657323
109.2988569	54.48631024
109.3029014	54.42604452
109.3069384	54.36577605
109.3109649	54.30550485
109.3149839	54.24523091
109.3189934	54.18495424
109.3229953	54.12467483
109.3269877	54.06439269
109.3309384	54.00459229
109.3349137	53.94429975
109.3388806	53.8840045
109.3428389	53.82370653
109.3467877	53.76340583
109.350728	53.70310244
109.3546597	53.64279633
109.3585829	53.58248752
109.3624976	53.522176
109.3664028	53.46186178
109.3703005	53.40154485
109.3741886	53.34122522
109.3780692	53.28090291
109.3819403	53.22057789
109.3858028	53.16025019
109.3896569	53.09991978
109.3935024	53.0395867
109.3973393	52.97925093
109.4011678	52.91891247
109.4049877	52.85857134
109.4087991	52.79822752
109.4126019	52.73788103
109.4163962	52.67753186
109.420182	52.61718002
109.4239592	52.55682551
109.427728	52.49646832
109.4314882	52.43610847
109.4352398	52.37574596
109.4389829	52.31538078
109.4427175	52.25501295
109.4464445	52.19464246
109.4501621	52.13426931
109.453872	52.07389351
109.4575735	52.01351505
109.4612654	51.95313395
109.4649498	51.8927502
109.4686265	51.8323638
109.4722938	51.77197476
109.4759536	51.71158308
109.4796038	51.65118875
109.4832464	51.5907918
109.4868806	51.5303922
109.4905071	51.46998998
109.4941242	51.40958512
109.4977336	51.34917764
109.5013346	51.28876753
109.504928	51.22835479
109.5085128	51.16793943
109.5120891	51.10752145
109.5156569	51.04710085
109.5192161	50.98667764
109.5227678	50.92625181
109.5263118	50.86582337
109.5298464	50.80539231
109.5333735	50.74495865
109.5368929	50.68452238
109.5404028	50.62408351
109.5439062	50.56364204
109.5474	50.50319797
109.5508863	50.44275129
109.5543649	50.38230202
109.5578351	50.32185016
109.5612967	50.2613957
109.5647507	50.20093866
109.5681962	50.14047902
109.5716341	50.08001681
109.5750635	50.019552
109.5784853	49.95908461
109.5818986	49.89861464
109.5853043	49.8381421
109.5887014	49.77766698
109.592091	49.71718928
109.595473	49.65670902
109.5988464	49.59622617
109.6022123	49.53574077
109.6055697	49.47525279
109.6089194	49.41476224
109.6122616	49.35426915
109.6155953	49.29377347
109.6189213	49.23327525
109.6222398	49.17277447
109.6255498	49.11227114
109.6288521	49.05176525
109.6321469	48.99125681
109.6354332	48.93074582
109.6387128	48.87023228
109.6419839	48.80971619
109.6452464	48.74919756
109.6485024	48.68867638
109.6517498	48.62815268
109.6549896	48.56762643
109.6582218	48.50709764
109.6614464	48.44656632
109.6646626	48.38603247
109.667872	48.32549608
109.671073	48.26495717
109.6742664	48.20441572
109.6774521	48.14387175
109.6806303	48.08332526
109.6838009	48.02277625
109.686964	47.96222472
109.6901194	47.90167067
109.6932664	47.8411141
109.6964066	47.78055502
109.6995393	47.71999342
109.7026635	47.65942932
109.705781	47.5988627
109.708891	47.53829357
109.7119924	47.47772194
109.7150872	47.41714781
109.7181744	47.35657117
109.721254	47.29599204
109.7243261	47.2354104
109.7273905	47.17482627
109.7304474	47.11423963
109.7334967	47.05365051
109.7365393	46.99305891
109.7395744	46.9324648
109.7426009	46.8718682
109.7456218	46.81126912
109.7486341	46.75066756
109.7516389	46.69006351
109.754637	46.62945699
109.7576275	46.56884798
109.7606104	46.50823648
109.7635858	46.44762253
109.7665545	46.38700608
109.7695156	46.32638717
109.7724692	46.26576579
109.7754161	46.20514193
109.7783555	46.14451561
109.7812872	46.08388682
109.7842123	46.02325556
109.7871299	45.96262184
109.7900408	45.90198567
109.7929441	45.84134702
109.7958398	45.78070592
109.7987289	45.72006237
109.8016104	45.65941635
109.8044853	45.59876789
109.8073526	45.53811697
109.8102123	45.4774636
109.8130664	45.41680778
109.8159118	45.35614952
109.8187517	45.29548881
109.8215829	45.23482565
109.8244085	45.17416005
109.8272265	45.11349201
109.830037	45.05282153
109.8328417	44.99214861
109.8356379	44.93147326
109.8384284	44.87079547
109.8412114	44.81011523
109.8439877	44.74943259
109.8467564	44.68874749
109.8495194	44.62805998
109.8522749	44.56737004
109.8550227	44.50667766
109.8577649	44.44598287
109.8604995	44.38528564
109.8632275	44.324586
109.8659488	44.26388395
109.8686626	44.20317947
109.8713706	44.14247257
109.8740711	44.08176325
109.8767649	44.02105152
109.8794521	43.96033738
109.8821327	43.89962083
109.8848066	43.83890186
109.8874739	43.77818049
109.8901346	43.71745671
109.8927877	43.65673052
109.8954351	43.59600194
109.8980749	43.53527093
109.900709	43.47453754
109.9033365	43.41380175
109.9059564	43.35306355
109.9085706	43.29232295
109.9111782	43.23157996
109.9137791	43.17083458
109.9163735	43.1100868
109.9189611	43.04933663
109.9215422	42.98858407
109.9241175	42.9278291
109.9266853	42.86707177
109.9292474	42.80631204
109.9318028	42.74554993
109.9343517	42.68478542
109.9368938	42.62401854
109.9394303	42.56324928
109.9419602	42.50247763
109.9444834	42.4417036
109.9470009	42.3809272
109.9495109	42.32014842
109.9520152	42.25936726
109.9545137	42.19858374
109.9570057	42.13779783
109.959491	42.07700956
109.9619706	42.01621892
109.9644436	41.9554259
109.96691	41.89463051
109.9693706	41.83383276
109.9718256	41.77303265
109.974273	41.71223017
109.9767156	41.65142533
109.9791517	41.59061812
109.981581	41.52980855
109.9840047	41.46899662
109.9864227	41.40818234
109.9888341	41.34736569
109.9912398	41.28654669
109.9936389	41.22572534
109.9960322	41.16490164
109.9984199	41.10407558
110.0008009	41.04324716
110.0031763	40.9824164
110.005546	40.92158329
110.00791	40.86074783
110.0102673	40.79991002
110.012619	40.73906987
110.0149649	40.67822737
110.0173043	40.61738252
110.0196389	40.55653534
110.0219668	40.49568581
110.0242891	40.43483394
110.0266057	40.37397974
110.0289166	40.31312319
110.0312218	40.25226431
110.0335204	40.1914031
110.0358142	40.13053954
110.0381024	40.06967365
110.0403839	40.00880544
110.0426607	39.94793488
110.0449318	39.887062
110.0471962	39.82618679
110.0494559	39.76530925
110.05171	39.70442937
110.0539583	39.64354719
110.0562009	39.58266266
110.0584379	39.52177581
110.0606692	39.46088664
110.0628957	39.39999515
110.0651156	39.33910133
110.0673308	39.2782052
110.0695403	39.21730674
110.071745	39.15640596
110.0739431	39.09550288
110.0761365	39.03459746
110.0783242	38.97368974
110.0805071	38.9127797
110.0826844	38.85186735
110.0848559	38.79095268
110.0870227	38.73003569
110.0891839	38.6691164
110.0913393	38.6081948
110.09349	38.5472709
110.0956351	38.48634468
110.0977754	38.42541615
110.09991	38.36448532
110.1020398	38.30355218
110.104164	38.24261674
110.1062834	38.18167899
110.1083972	38.12073895
110.1105062	38.05979659
110.1126104	37.99885194
110.114709	37.93790499
110.1168028	37.87695574
110.1188919	37.81600419
110.1209754	37.75505034
110.123054	37.6940942
110.125128	37.63313576
110.1271962	37.57217502
110.1292597	37.51121199
110.1313185	37.45024667
110.1333725	37.38927906
110.1354218	37.32830916
110.1374664	37.26733696
110.1395052	37.20636247
110.1415393	37.1453857
110.1435687	37.08440664
110.1455943	37.02342528
110.1476142	36.96244165
110.1496294	36.90145573
110.1516398	36.84046753
110.1536455	36.77947703
110.1556464	36.71848426
110.1576427	36.65748921
110.1596341	36.59649186
110.1616218	36.53549225
110.1636038	36.47449035
110.165582	36.41348617
110.1675545	36.35247971
110.1695232	36.29147099
110.1714872	36.23045997
110.1734474	36.16944669
110.1754019	36.10843113
110.1773526	36.0474133
110.1792986	35.98639319
110.1812408	35.92537081
110.1831773	35.86434615
110.18511	35.80331923
110.1870389	35.74229004
110.188963	35.68125857
110.1908825	35.62022484
110.1927981	35.55918884
110.194709	35.49815057
110.1966152	35.43711003
110.1985175	35.37606724
110.2004161	35.31502217
110.20231	35.25397484
110.2042	35.19292524
110.2060853	35.13187339
110.2079668	35.07081927
110.2098445	35.00976289
110.2117175	34.94870425
110.2135867	34.88764335
110.2154512	34.82658019
110.2173118	34.76551478
110.2191687	34.7044471
110.2210218	34.64337717
110.2228711	34.58230498
110.2247156	34.52123054
110.2265564	34.46015384
110.2283934	34.39907489
110.2302265	34.33799369
110.232055	34.27691023
110.2338806	34.21582453
110.2357024	34.15473657
110.2375194	34.09364636
110.2393327	34.0325539
110.2411431	33.97145919
110.2429488	33.91036223
110.2447517	33.84926303
110.2465498	33.78816158
110.248345	33.72705788
110.2501365	33.66595195
110.2519242	33.60484375
110.2537081	33.54373333
110.2554882	33.48262066
110.2572645	33.42150574
110.2590379	33.36038859
110.2608076	33.2992692
110.2625735	33.23814756
110.2643355	33.17702369
110.2660948	33.11589757
110.2678502	33.05476922
110.2696019	32.99363863
110.2713507	32.9325058
110.2730957	32.87137074
110.2748379	32.81023345
110.2765763	32.74909391
110.2783109	32.68795215
110.2800427	32.62680815
110.2817716	32.56566193
110.2834967	32.50451347
110.285218	32.44336278
110.2869374	32.38220985
110.2886521	32.3210547
110.2903649	32.25989732
110.2920739	32.19873772
110.2937791	32.13757589
110.2954825	32.07641182
110.297182	32.01524553
110.2988787	31.95407703
110.3005716	31.89290629
110.3022626	31.83173333
110.3039498	31.77055815
110.3056341	31.70938076
110.3073156	31.64820113
110.3089943	31.58701928
110.3106692	31.52583522
110.3123422	31.46464893
110.3140114	31.40346043
110.3156787	31.34226971
110.3173422	31.28107678
110.3190038	31.21988162
110.3206616	31.15868425
110.3223175	31.09748467
110.3239706	31.03628288
110.3256209	30.97507886
110.3272682	30.91387265
110.3289128	30.85266421
110.3305545	30.79145356
110.3321934	30.73024071
110.3338303	30.66902565
110.3354645	30.60780837
110.3370957	30.54658889
110.3387251	30.4853672
110.3403517	30.42414331
110.3419754	30.36291721
110.3435972	30.3016889
110.3452161	30.24045839
110.3468322	30.17922568
110.3484464	30.11799076
110.3500578	30.05675365
110.3516673	29.99551432
110.3532739	29.9342728
110.3548787	29.87302908
110.3564815	29.81178317
110.3580815	29.75053505
110.3596787	29.68928474
110.3612739	29.62803223
110.3628673	29.56677753
110.3644588	29.50552062
110.3660474	29.44426153
110.3676341	29.38300024
110.369219	29.32173675
110.3708009	29.26047108
110.372382	29.19920321
110.3739602	29.13793316
110.3755365	29.07666092
110.3771109	29.01538648
110.3786825	28.95410986
110.3802531	28.89283105
110.3818218	28.83155005
110.3833877	28.77026687
110.3849526	28.70898151
110.3865147	28.64769396
110.3880758	28.58640422
110.3896351	28.5251123
110.3911915	28.46381821
110.3927469	28.40252193
110.3943005	28.34122347
110.3958521	28.27992283
110.3974028	28.21862001
110.3989507	28.15731501
110.4004976	28.09600784
110.4020427	28.03469849
110.4035858	27.97338697
110.405128	27.91207327
110.4066682	27.85075739
110.4082066	27.78943935
110.4097441	27.72811913
110.4112796	27.66679674
110.4128133	27.60547218
110.414346	27.54414545
110.4158777	27.48281655
110.4174066	27.42148548
110.4189355	27.36015224
110.4204626	27.29881684
110.4219877	27.23747927
110.4235118	27.17613954
110.4250351	27.11479765
110.4265564	27.05345359
110.4280777	26.99210735
110.4295962	26.93075897
110.4311147	26.86940843
110.4326313	26.80805572
110.4341469	26.74670085
110.4356607	26.68534382
110.4371744	26.62398464
110.4386863	26.5626233
110.4401981	26.5012598
110.4417081	26.43989415
110.4432171	26.37852634
110.4447251	26.31715637
110.4462313	26.25578426
110.4477374	26.19440999
110.4492427	26.13303357
110.4507469	26.071655
110.4522502	26.01027427
110.4537526	25.9488914
110.455254	25.88750639
110.4567545	25.82611922
110.458255	25.7647299
110.4597536	25.70333845
110.4612521	25.64194484
110.4627498	25.58054908
110.4642464	25.51915118
110.4657431	25.45775114
110.4672389	25.39634896
110.4687336	25.33494464
110.4702275	25.27353817
110.4717213	25.21212956
110.4732142	25.15071882
110.4747071	25.08930593
110.4761991	25.0278909
110.477691	24.96647374
110.479182	24.90505445
110.480672	24.843633
110.4821621	24.78220943
110.4836521	24.72078372
110.4851526	24.65889522
110.4866379	24.59759452
110.4881242	24.53627061
110.4896104	24.47492337
110.4910967	24.41355269
110.4925829	24.35215849
110.4940701	24.29074068
110.4955573	24.22930129
110.4970445	24.16785639
110.4985318	24.10640938
110.500018	24.04496024
110.5015052	23.98350899
110.5029924	23.9220556
110.5044796	23.86060009
110.5059668	23.79914247
110.507454	23.73768271
110.5089412	23.67622083
110.5104284	23.61475682
110.5119156	23.5532907
110.5134028	23.49182245
110.51489	23.43035208
110.5163773	23.36887959
110.5178645	23.30740496
110.5193517	23.24592822
110.5208389	23.18444934
110.5223251	23.12296836
110.5238123	23.06148524
110.5251185	23
