-1500	211
-1500.01768	210.9999972
-1500.07958	210.9999438
-1500.141479	210.9998225
-1500.203378	210.9996334
-1500.265277	210.9993769
-1500.327176	210.999053
-1500.389075	210.9986619
-1500.450973	210.9982038
-1500.51287	210.9976789
-1500.574767	210.9970873
-1500.636663	210.9964292
-1500.698558	210.9957048
-1500.760453	210.9949142
-1500.822347	210.9940576
-1500.88424	210.9931352
-1500.946131	210.9921471
-1501.008022	210.9910936
-1501.069912	210.9899747
-1501.1318	210.9887907
-1501.193687	210.9875416
-1501.255573	210.9862278
-1501.317458	210.9848492
-1501.379341	210.9834062
-1501.441222	210.9818988
-1501.503102	210.9803272
-1501.56498	210.9786915
-1501.626857	210.976992
-1501.688731	210.9752288
-1501.750604	210.973402
-1501.812475	210.9715119
-1501.874344	210.9695585
-1501.936211	210.967542
-1501.998076	210.9654626
-1502.059939	210.9633203
-1502.1218	210.9611155
-1502.183658	210.9588482
-1502.245514	210.9565186
-1502.307368	210.9541268
-1502.369219	210.9516731
-1502.431068	210.9491574
-1502.492914	210.94658
-1502.554758	210.9439411
-1502.616599	210.9412407
-1502.678437	210.9384791
-1502.740273	210.9356564
-1502.802106	210.9327727
-1502.863936	210.9298281
-1502.925763	210.9268229
-1502.987587	210.9237572
-1503.049408	210.920631
-1503.111226	210.9174446
-1503.173041	210.9141981
-1503.234853	210.9108916
-1503.296661	210.9075253
-1503.358466	210.9040993
-1503.420268	210.9006138
-1503.482067	210.8970689
-1503.543862	210.8934647
-1503.605654	210.8898014
-1503.667442	210.8860791
-1503.729226	210.882298
-1503.791007	210.8784581
-1503.852785	210.8745597
-1503.914558	210.8706028
-1503.976328	210.8665877
-1504.038094	210.8625143
-1504.099856	210.858383
-1504.161614	210.8541937
-1504.223369	210.8499466
-1504.285119	210.845642
-1504.346866	210.8412798
-1504.408608	210.8368602
-1504.470346	210.8323834
-1504.53208	210.8278495
-1504.59381	210.8232586
-1504.655535	210.8186108
-1504.717257	210.8139063
-1504.778973	210.8091452
-1504.840686	210.8043277
-1504.902394	210.7994538
-1504.964098	210.7945236
-1505.025797	210.7895374
-1505.087492	210.7844952
-1505.149182	210.7793972
-1505.210867	210.7742434
-1505.272548	210.769034
-1505.334224	210.7637692
-1505.395895	210.758449
-1505.457562	210.7530735
-1505.519223	210.747643
-1505.58088	210.7421575
-1505.642532	210.736617
-1505.704179	210.7310219
-1505.765821	210.7253721
-1505.827458	210.7196678
-1505.88909	210.713909
-1505.950717	210.708096
-1506.012339	210.7022289
-1506.073955	210.6963077
-1506.135567	210.6903325
-1506.197173	210.6843036
-1506.258774	210.6782209
-1506.320369	210.6720847
-1506.38196	210.6658949
-1506.443544	210.6596519
-1506.505124	210.6533555
-1506.566698	210.647006
-1506.628266	210.6406035
-1506.689829	210.6341481
-1506.751387	210.6276399
-1506.812938	210.621079
-1506.874485	210.6144655
-1506.936025	210.6077995
-1506.99756	210.6010812
-1507.059089	210.5943106
-1507.120612	210.5874878
-1507.18213	210.580613
-1507.243642	210.5736863
-1507.305148	210.5667077
-1507.366648	210.5596775
-1507.428142	210.5525955
-1507.48963	210.5454621
-1507.551112	210.5382773
-1507.612588	210.5310411
-1507.674058	210.5237538
-1507.735522	210.5164153
-1507.79698	210.5090259
-1507.858432	210.5015855
-1507.919878	210.4940944
-1507.981317	210.4865525
-1508.04275	210.4789601
-1508.104177	210.4713172
-1508.165598	210.4636238
-1508.227012	210.4558802
-1508.28842	210.4480864
-1508.349822	210.4402425
-1508.411217	210.4323486
-1508.472606	210.4244047
-1508.533988	210.4164111
-1508.595364	210.4083677
-1508.656734	210.4002748
-1508.718096	210.3921323
-1508.779452	210.3839404
-1508.840802	210.3756992
-1508.902145	210.3674087
-1508.963481	210.3590691
-1509.024811	210.3506804
-1509.086134	210.3422428
-1509.14745	210.3337563
-1509.208759	210.3252211
-1509.270062	210.3166371
-1509.331358	210.3080046
-1509.392647	210.2993236
-1509.453929	210.2905942
-1509.515204	210.2818164
-1509.576472	210.2729904
-1509.637733	210.2641163
-1509.698988	210.2551942
-1509.760235	210.246224
-1509.821475	210.2372061
-1509.882709	210.2281403
-1509.943935	210.2190268
-1510.005154	210.2098657
-1510.066366	210.2006571
-1510.12757	210.191401
-1510.188768	210.1820976
-1510.249958	210.1727469
-1510.311142	210.163349
-1510.372317	210.153904
-1510.433486	210.144412
-1510.494647	210.1348731
-1510.555801	210.1252873
-1510.616948	210.1156548
-1510.678087	210.1059755
-1510.739219	210.0962497
-1510.800344	210.0864773
-1510.861461	210.0766585
-1510.92257	210.0667934
-1510.983672	210.0568819
-1511.044767	210.0469243
-1511.105854	210.0369205
-1511.166934	210.0268707
-1511.228005	210.0167749
-1511.28907	210.0066333
-1511.350126	209.9964458
-1511.411176	209.9862126
-1511.472217	209.9759337
-1511.533251	209.9656093
-1511.594277	209.9552394
-1511.655295	209.9448241
-1511.716305	209.9343634
-1511.777308	209.9238574
-1511.838303	209.9133063
-1511.89929	209.90271
-1511.960269	209.8920687
-1512.021241	209.8813824
-1512.082204	209.8706512
-1512.14316	209.8598752
-1512.204107	209.8490545
-1512.265047	209.8381891
-1512.325979	209.827279
-1512.386903	209.8163244
-1512.447818	209.8053254
-1512.508726	209.794282
-1512.569626	209.7831942
-1512.630517	209.7720622
-1512.691401	209.7608861
-1512.752276	209.7496658
-1512.813144	209.7384015
-1512.874003	209.7270932
-1512.934854	209.715741
-1512.995696	209.704345
-1513.056531	209.6929052
-1513.117357	209.6814217
-1513.178175	209.6698946
-1513.238985	209.658324
-1513.299786	209.6467098
-1513.36058	209.6350522
-1513.421364	209.6233513
-1513.482141	209.611607
-1513.542909	209.5998196
-1513.603669	209.5879889
-1513.66442	209.5761152
-1513.725163	209.5641984
-1513.785898	209.5522387
-1513.846624	209.5402361
-1513.907341	209.5281906
-1513.96805	209.5161023
-1514.028751	209.5039714
-1514.089443	209.4917978
-1514.150126	209.4795816
-1514.210801	209.4673228
-1514.271467	209.4550216
-1514.332125	209.4426781
-1514.392774	209.4302921
-1514.453414	209.4178639
-1514.514046	209.4053935
-1514.574669	209.3928809
-1514.635283	209.3803262
-1514.695889	209.3677295
-1514.756485	209.3550908
-1514.817074	209.3424102
-1514.877653	209.3296877
-1514.938223	209.3169234
-1514.998785	209.3041174
-1515.059338	209.2912697
-1515.119882	209.2783803
-1515.180417	209.2654494
-1515.240943	209.252477
-1515.301461	209.2394632
-1515.361969	209.2264079
-1515.422469	209.2133113
-1515.482959	209.2001734
-1515.543441	209.1869943
-1515.603914	209.173774
-1515.664377	209.1605126
-1515.724832	209.1472101
-1515.785277	209.1338667
-1515.845714	209.1204822
-1515.906141	209.1070569
-1515.96656	209.0935907
-1516.026969	209.0800838
-1516.087369	209.0665361
-1516.14776	209.0529477
-1516.208142	209.0393187
-1516.268514	209.0256491
-1516.328878	209.011939
-1516.389232	208.9981884
-1516.449577	208.9843974
-1516.509913	208.970566
-1516.570239	208.9566943
-1516.630557	208.9427824
-1516.690865	208.9288302
-1516.751163	208.9148378
-1516.811453	208.9008054
-1516.871733	208.8867329
-1516.932003	208.8726203
-1516.992265	208.8584678
-1517.052517	208.8442754
-1517.112759	208.8300431
-1517.172992	208.815771
-1517.233216	208.8014591
-1517.29343	208.7871075
-1517.353635	208.7727163
-1517.41383	208.7582854
-1517.474016	208.7438149
-1517.534192	208.7293049
-1517.594358	208.7147555
-1517.654516	208.7001665
-1517.714663	208.6855382
-1517.774801	208.6708706
-1517.834929	208.6561637
-1517.895048	208.6414175
-1517.955157	208.6266321
-1518.015257	208.6118075
-1518.075347	208.5969439
-1518.135427	208.5820411
-1518.195497	208.5670994
-1518.255558	208.5521186
-1518.315609	208.537099
-1518.37565	208.5220404
-1518.435682	208.506943
-1518.495704	208.4918068
-1518.555716	208.4766319
-1518.615718	208.4614182
-1518.67571	208.4461658
-1518.735693	208.4308749
-1518.795665	208.4155453
-1518.855628	208.4001772
-1518.915581	208.3847706
-1518.975524	208.3693255
-1519.035457	208.353842
-1519.09538	208.3383202
-1519.155294	208.32276
-1519.215197	208.3071615
-1519.27509	208.2915247
-1519.334974	208.2758498
-1519.394847	208.2601367
-1519.45471	208.2443854
-1519.514563	208.228596
-1519.574407	208.2127686
-1519.63424	208.1969032
-1519.694063	208.1809998
-1519.753876	208.1650585
-1519.813679	208.1490793
-1519.873471	208.1330622
-1519.933254	208.1170074
#WERT!	0
-1520.052789	208.0847843
-1520.112541	208.0686162
-1520.172283	208.0524104
-1520.232014	208.036167
-1520.291736	208.0198861
-1520.351447	208.0035675
-1520.411425	207.9871354
-1520.470871	207.970809
-1520.530309	207.9544449
-1520.589738	207.9380431
-1520.649848	207.9214129
-1520.709498	207.9048698
-1520.769137	207.8882894
-1520.828765	207.8716718
-1520.888383	207.855017
-1520.947991	207.8383249
-1521.007589	207.8215957
-1521.067176	207.8048294
-1521.126752	207.788026
-1521.186318	207.7711856
-1521.245874	207.7543081
-1521.305419	207.7373937
-1521.364953	207.7204423
-1521.424477	207.703454
-1521.483991	207.6864288
-1521.543494	207.6693668
-1521.602986	207.652268
-1521.662468	207.6351324
-1521.721939	207.61796
-1521.7814	207.6007509
-1521.84085	207.5835052
-1521.900289	207.5662228
-1521.959718	207.5489037
-1522.019136	207.5315481
-1522.078543	207.514156
-1522.13794	207.4967273
-1522.197326	207.4792622
-1522.256701	207.4617605
-1522.316065	207.4442225
-1522.375419	207.4266481
-1522.434762	207.4090373
-1522.494094	207.3913901
-1522.553415	207.3737067
-1522.612726	207.355987
-1522.672025	207.3382311
-1522.731314	207.3204389
-1522.790592	207.3026106
-1522.849859	207.2847461
-1522.909115	207.2668455
-1522.96836	207.2489088
-1523.027594	207.230936
-1523.086818	207.2129272
-1523.14603	207.1948824
-1523.205231	207.1768016
-1523.264422	207.1586849
-1523.323601	207.1405323
-1523.38277	207.1223437
-1523.441927	207.1041194
-1523.501073	207.0858591
-1523.560208	207.0675631
-1523.619332	207.0492313
-1523.678446	207.0308638
-1523.737547	207.0124605
-1523.796638	206.9940215
-1523.855718	206.9755469
-1523.914786	206.9570366
-1523.973844	206.9384907
-1524.03289	206.9199092
-1524.091925	206.9012922
-1524.150948	206.8826396
-1524.209961	206.8639515
-1524.268962	206.845228
-1524.327952	206.8264689
-1524.386931	206.8076745
-1524.445898	206.7888446
-1524.504854	206.7699794
-1524.563799	206.7510788
-1524.622732	206.7321429
-1524.681654	206.7131717
-1524.740565	206.6941652
-1524.799464	206.6751235
-1524.858352	206.6560465
-1524.917229	206.6369344
-1524.976094	206.617787
-1525.034948	206.5986045
-1525.09379	206.5793869
-1525.15262	206.5601342
-1525.21144	206.5408464
-1525.270247	206.5215235
-1525.329043	206.5021656
-1525.387828	206.4827727
-1525.446601	206.4633448
-1525.505363	206.4438819
-1525.564113	206.4243841
-1525.622851	206.4048514
-1525.681578	206.3852838
-1525.740293	206.3656813
-1525.798996	206.346044
-1525.857688	206.3263718
-1525.916368	206.3066649
-1525.975036	206.2869231
-1526.033693	206.2671466
-1526.092338	206.2473354
-1526.150971	206.2274894
-1526.209593	206.2076088
-1526.268202	206.1876935
-1526.3268	206.1677435
-1526.385386	206.1477589
-1526.443961	206.1277397
-1526.502523	206.107686
-1526.561074	206.0875976
-1526.619612	206.0674747
-1526.678139	206.0473173
-1526.736654	206.0271254
-1526.795157	206.006899
-1526.853649	205.9866382
-1526.912128	205.9663429
-1526.970595	205.9460132
-1527.02905	205.9256491
-1527.087494	205.9052506
-1527.145925	205.8848178
-1527.204344	205.8643506
-1527.262751	205.8438491
-1527.321147	205.8233133
-1527.37953	205.8027432
-1527.437901	205.7821389
-1527.49626	205.7615003
-1527.554606	205.7408275
-1527.612941	205.7201205
-1527.671264	205.6993793
-1527.729574	205.678604
-1527.787872	205.6577945
-1527.846158	205.6369508
-1527.904432	205.6160731
-1527.962694	205.5951613
-1528.020943	205.5742154
-1528.07918	205.5532354
-1528.137405	205.5322215
-1528.195617	205.5111735
-1528.253818	205.4900915
-1528.312006	205.4689755
-1528.370181	205.4478256
-1528.428344	205.4266417
-1528.486495	205.4054239
-1528.544634	205.3841722
-1528.60276	205.3628865
-1528.660873	205.3415671
-1528.718975	205.3202137
-1528.777063	205.2988265
-1528.83514	205.2774055
-1528.893203	205.2559507
-1528.951255	205.2344621
-1529.009294	205.2129397
-1529.06732	205.1913836
-1529.125334	205.1697937
-1529.183335	205.1481701
-1529.241323	205.1265128
-1529.299299	205.1048218
-1529.357263	205.0830971
-1529.415214	205.0613388
-1529.473152	205.0395469
-1529.531077	205.0177213
-1529.58899	204.9958621
-1529.64689	204.9739693
-1529.704777	204.9520429
-1529.762652	204.930083
-1529.820514	204.9080895
-1529.878363	204.8860625
-1529.9362	204.8640019
-1529.994023	204.8419079
-1530.051834	204.8197804
-1530.109632	204.7976194
-1530.167417	204.7754249
-1530.225189	204.753197
-1530.282949	204.7309357
-1530.340695	204.708641
-1530.398429	204.6863129
-1530.45615	204.6639514
-1530.513857	204.6415565
-1530.571552	204.6191283
-1530.629234	204.5966668
-1530.686903	204.5741719
-1530.744559	204.5516437
-1530.802202	204.5290822
-1530.859831	204.5064875
-1530.917448	204.4838594
-1530.975052	204.4611982
-1531.032642	204.4385036
-1531.09022	204.4157759
-1531.147784	204.393015
-1531.205336	204.3702208
-1531.262874	204.3473935
-1531.320399	204.324533
-1531.37791	204.3016393
-1531.435409	204.2787125
-1531.492894	204.2557526
-1531.550366	204.2327595
-1531.607825	204.2097334
-1531.66527	204.1866741
-1531.722703	204.1635818
-1531.780122	204.1404564
-1531.837527	204.117298
-1531.894919	204.0941065
-1531.952298	204.070882
-1532.009664	204.0476245
-1532.067016	204.024334
-1532.124355	204.0010105
-1532.18168	203.9776541
-1532.238992	203.9542647
-1532.29629	203.9308423
-1532.353575	203.907387
-1532.410847	203.8838987
-1532.468105	203.8603776
-1532.525349	203.8368235
-1532.58258	203.8132366
-1532.639797	203.7896168
-1532.697001	203.7659641
-1532.754191	203.7422786
-1532.811368	203.7185602
-1532.868531	203.694809
-1532.92568	203.671025
-1532.982815	203.6472082
-1533.039937	203.6233586
-1533.097046	203.5994762
-1533.15414	203.5755611
-1533.211221	203.5516132
-1533.268288	203.5276325
-1533.325341	203.5036191
-1533.382381	203.479573
-1533.439406	203.4554942
-1533.496418	203.4313826
-1533.553416	203.4072384
-1533.6104	203.3830615
-1533.667371	203.358852
-1533.724327	203.3346098
-1533.781269	203.3103349
-1533.838198	203.2860274
-1533.895113	203.2616873
-1533.952013	203.2373146
-1534.0089	203.2129092
-1534.065773	203.1884713
-1534.122631	203.1640008
-1534.179476	203.1394978
-1534.236307	203.1149621
-1534.293123	203.090394
-1534.349926	203.0657933
-1534.406714	203.04116
-1534.463488	203.0164943
-1534.520249	202.991796
-1534.576995	202.9670653
-1534.633726	202.942302
-1534.690444	202.9175063
-1534.747147	202.8926782
-1534.803837	202.8678175
-1534.860512	202.8429245
-1534.917172	202.817999
-1534.973819	202.7930411
-1535.030451	202.7680507
-1535.087069	202.743028
-1535.143672	202.7179729
-1535.200261	202.6928854
-1535.256836	202.6677655
-1535.313397	202.6426132
-1535.369943	202.6174286
-1535.426474	202.5922117
-1535.482991	202.5669624
-1535.539494	202.5416808
-1535.595982	202.5163669
-1535.652456	202.4910207
-1535.708915	202.4656422
-1535.76536	202.4402314
-1535.82179	202.4147883
-1535.878206	202.389313
-1535.934607	202.3638054
-1535.990993	202.3382656
-1536.047365	202.3126935
-1536.103723	202.2870892
-1536.160065	202.2614527
-1536.216393	202.235784
-1536.272706	202.2100831
-1536.329005	202.1843499
-1536.385289	202.1585847
-1536.441558	202.1327872
-1536.497812	202.1069576
-1536.554051	202.0810958
-1536.610276	202.0552019
-1536.666486	202.0292758
-1536.722681	202.0033176
-1536.778861	201.9773273
-1536.835027	201.9513049
-1536.891177	201.9252504
-1536.947313	201.8991638
-1537.003434	201.8730452
-1537.059539	201.8468944
-1537.11563	201.8207116
-1537.171706	201.7944968
-1537.227767	201.7682499
-1537.283813	201.7419709
-1537.339843	201.71566
-1537.395859	201.689317
-1537.45186	201.662942
-1537.507846	201.636535
-1537.563816	201.6100961
-1537.619771	201.5836251
-1537.675712	201.5571222
-1537.731637	201.5305873
-1537.787547	201.5040204
-1537.843441	201.4774216
-1537.899321	201.4507909
-1537.955185	201.4241283
-1538.011034	201.3974337
-1538.066868	201.3707072
-1538.122687	201.3439488
-1538.17849	201.3171585
-1538.234278	201.2903363
-1538.29005	201.2634823
-1538.345807	201.2365963
-1538.401549	201.2096785
-1538.457276	201.1827289
-1538.512987	201.1557474
-1538.568682	201.1287341
-1538.624362	201.101689
-1538.680027	201.074612
-1538.735676	201.0475033
-1538.79131	201.0203627
-1538.846928	200.9931903
-1538.902531	200.9659862
-1538.958118	200.9387503
-1539.013689	200.9114826
-1539.069245	200.8841831
-1539.124785	200.8568519
-1539.18031	200.829489
-1539.235819	200.8020943
-1539.291312	200.774668
-1539.34679	200.7472098
-1539.402252	200.71972
-1539.457698	200.6921985
-1539.513128	200.6646453
-1539.568543	200.6370604
-1539.623942	200.6094439
-1539.679325	200.5817956
-1539.734693	200.5541157
-1539.790044	200.5264042
-1539.84538	200.498661
-1539.900699	200.4708862
-1539.956003	200.4430798
-1540.011291	200.4152417
-1540.066563	200.3873721
-1540.121819	200.3594708
-1540.17706	200.331538
-1540.232284	200.3035735
-1540.287492	200.2755775
-1540.342684	200.24755
-1540.39786	200.2194908
-1540.45302	200.1914002
-1540.508164	200.1632779
-1540.563292	200.1351242
-1540.618404	200.1069389
-1540.673499	200.0787221
-1540.728579	200.0504738
-1540.783642	200.022194
-1540.838689	199.9938827
-1540.89372	199.96554
-1540.948735	199.9371657
-1541.003734	199.90876
-1541.058716	199.8803228
-1541.113682	199.8518542
-1541.168631	199.8233542
-1541.223565	199.7948227
-1541.278482	199.7662598
-1541.333382	199.7376654
-1541.388267	199.7090397
-1541.443134	199.6803826
-1541.497986	199.651694
-1541.552821	199.6229741
-1541.60764	199.5942228
-1541.662442	199.5654402
-1541.717227	199.5366262
-1541.771997	199.5077808
-1541.826749	199.4789041
-1541.881485	199.4499961
-1541.936205	199.4210567
-1541.990908	199.3920861
-1542.045594	199.3630841
-1542.099896	199.3342462
-1542.154657	199.3051247
-1542.209401	199.2759718
-1542.264128	199.2467876
-1542.318838	199.2175719
-1542.373532	199.1883249
-1542.428209	199.1590465
-1542.482869	199.1297368
-1542.537022	199.100659
-1542.591542	199.0713444
-1542.646044	199.0419986
-1542.70053	199.0126216
-1542.754999	198.9832134
-1542.809451	198.9537741
-1542.863887	198.9243035
-1542.918305	198.8948018
-1542.972707	198.8652689
-1543.027091	198.8357049
-1543.081459	198.8061097
-1543.13581	198.7764834
-1543.190143	198.746826
-1543.24446	198.7171374
-1543.29876	198.6874177
-1543.353042	198.657667
-1543.407308	198.6278851
-1543.461557	198.5980722
-1543.515788	198.5682282
-1543.570002	198.5383531
-1543.6242	198.508447
-1543.67838	198.4785098
-1543.732543	198.4485416
-1543.786688	198.4185423
-1543.840817	198.388512
-1543.894928	198.3584508
-1543.949022	198.3283585
-1544.003099	198.2982352
-1544.057159	198.2680809
-1544.111201	198.2378957
-1544.165226	198.2076795
-1544.219234	198.1774323
-1544.273224	198.1471542
-1544.327197	198.1168452
-1544.381152	198.0865052
-1544.435091	198.0561343
-1544.489011	198.0257325
-1544.542915	197.9952998
-1544.5968	197.9648362
-1544.650669	197.9343417
-1544.70452	197.9038163
-1544.758353	197.87326
-1544.812169	197.842673
-1544.865967	197.812055
-1544.919748	197.7814062
-1544.973511	197.7507266
-1545.027257	197.7200162
-1545.080985	197.689275
-1545.134695	197.6585029
-1545.188388	197.6277001
-1545.242063	197.5968665
-1545.29572	197.5660021
-1545.34936	197.5351069
-1545.402981	197.504181
-1545.456586	197.4732244
-1545.510172	197.442237
-1545.563741	197.4112189
-1545.617291	197.3801701
-1545.670824	197.3490906
-1545.724339	197.3179804
-1545.777837	197.2868395
-1545.831316	197.2556679
-1545.884778	197.2244656
-1545.938221	197.1932327
-1545.991647	197.1619692
-1546.045055	197.130675
-1546.098445	197.0993502
-1546.151817	197.0679948
-1546.20517	197.0366087
-1546.258506	197.0051921
-1546.311824	196.9737449
-1546.365124	196.9422671
-1546.418405	196.9107587
-1546.471669	196.8792198
-1546.524915	196.8476503
-1546.578142	196.8160503
-1546.631351	196.7844198
-1546.684542	196.7527587
-1546.737715	196.7210672
-1546.79087	196.6893451
-1546.844007	196.6575926
-1546.897125	196.6258096
-1546.950225	196.5939961
-1547.003307	196.5621522
-1547.05637	196.5302778
-1547.109416	196.498373
-1547.162443	196.4664378
-1547.215451	196.4344721
-1547.268442	196.4024761
-1547.321413	196.3704497
-1547.374367	196.3383928
-1547.427302	196.3063056
-1547.480219	196.2741881
-1547.533117	196.2420402
-1547.585997	196.209862
-1547.638858	196.1776534
-1547.691701	196.1454145
-1547.744526	196.1131454
-1547.797332	196.0808459
-1547.850119	196.0485161
-1547.902888	196.0161561
-1547.955638	195.9837658
-1548.008369	195.9513453
-1548.061083	195.9188945
-1548.113777	195.8864135
-1548.166453	195.8539022
-1548.21911	195.8213608
-1548.271748	195.7887891
-1548.324368	195.7561873
-1548.376969	195.7235553
-1548.429551	195.6908932
-1548.482115	195.6582009
-1548.53466	195.6254784
-1548.587186	195.5927259
-1548.639693	195.5599432
-1548.692182	195.5271304
-1548.744651	195.4942875
-1548.797102	195.4614145
-1548.849534	195.4285115
-1548.901947	195.3955784
-1548.954341	195.3626153
-1549.006716	195.3296221
-1549.059073	195.2965989
-1549.11141	195.2635457
-1549.163728	195.2304625
-1549.216028	195.1973493
-1549.268308	195.1642061
-1549.32057	195.131033
-1549.372812	195.0978299
-1549.425036	195.0645968
-1549.47724	195.0313339
-1549.529425	194.998041
-1549.581591	194.9647182
-1549.633738	194.9313655
-1549.685866	194.897983
-1549.737975	194.8645706
-1549.790065	194.8311283
-1549.842135	194.7976562
-1549.894187	194.7641542
-1549.946219	194.7306225
-1549.998231	194.6970609
-1550.050225	194.6634695
-1550.102199	194.6298484
-1550.154155	194.5961974
-1550.20609	194.5625168
-1550.258007	194.5288063
-1550.309904	194.4950662
-1550.361782	194.4612963
-1550.41364	194.4274967
-1550.46548	194.3936675
-1550.517299	194.3598085
-1550.5691	194.3259199
-1550.620881	194.2920016
-1550.672642	194.2580537
-1550.724384	194.2240762
-1550.776107	194.190069
-1550.82781	194.1560323
-1550.879494	194.1219659
-1550.931158	194.08787
-1550.982802	194.0537445
-1551.034428	194.0195895
-1551.086033	193.9854049
-1551.137619	193.9511908
-1551.189185	193.9169472
-1551.240732	193.8826741
-1551.292259	193.8483715
-1551.343767	193.8140394
-1551.395255	193.7796779
-1551.446723	193.745287
-1551.498172	193.7108666
-1551.5496	193.6764168
-1551.60101	193.6419376
-1551.652399	193.607429
-1551.703769	193.572891
-1551.755119	193.5383237
-1551.806449	193.503727
-1551.857759	193.469101
-1551.90905	193.4344456
-1551.960321	193.399761
-1552.011572	193.3650471
-1552.062803	193.3303039
-1552.114014	193.2955314
-1552.165205	193.2607297
-1552.216377	193.2258987
-1552.267528	193.1910385
-1552.31866	193.1561491
-1552.369772	193.1212305
-1552.420863	193.0862828
-1552.471935	193.0513058
-1552.522987	193.0162998
-1552.574019	192.9812646
-1552.625031	192.9462002
-1552.676023	192.9111068
-1552.726994	192.8759842
-1552.777946	192.8408326
-1552.828878	192.805652
-1552.87979	192.7704422
-1552.930681	192.7352035
-1552.981552	192.6999357
-1553.032404	192.6646389
-1553.083235	192.6293131
-1553.134046	192.5939584
-1553.184837	192.5585747
-1553.235607	192.523162
-1553.286358	192.4877205
-1553.337088	192.45225
-1553.387798	192.4167506
-1553.438488	192.3812223
-1553.489158	192.3456651
-1553.539807	192.3100791
-1553.590436	192.2744643
-1553.641045	192.2388206
-1553.691633	192.2031482
-1553.742201	192.1674469
-1553.792749	192.1317168
-1553.843277	192.095958
-1553.893784	192.0601705
-1553.94427	192.0243542
-1553.994737	191.9885092
-1554.045183	191.9526355
-1554.095608	191.9167331
-1554.146013	191.880802
-1554.196398	191.8448423
-1554.246762	191.808854
-1554.297106	191.772837
-1554.347429	191.7367914
-1554.397732	191.7007172
-1554.448014	191.6646145
-1554.498276	191.6284832
-1554.548517	191.5923234
-1554.598738	191.556135
-1554.648938	191.5199181
-1554.699118	191.4836727
-1554.749277	191.4473989
-1554.799415	191.4110966
-1554.849533	191.3747658
-1554.89963	191.3384066
-1554.949707	191.3020191
-1554.999763	191.2656031
-1555.049798	191.2291587
-1555.099812	191.1926859
-1555.149806	191.1561849
-1555.199779	191.1196555
-1555.249732	191.0830977
-1555.299664	191.0465117
-1555.349575	191.0098974
-1555.399465	190.9732548
-1555.449334	190.936584
-1555.499183	190.899885
-1555.549011	190.8631577
-1555.598818	190.8264022
-1555.648605	190.7896186
-1555.69837	190.7528068
-1555.748115	190.7159669
-1555.797839	190.6790988
-1555.847542	190.6422026
-1555.897224	190.6052783
-1555.946885	190.568326
-1555.996525	190.5313456
-1556.046145	190.4943371
-1556.095743	190.4573006
-1556.145321	190.4202361
-1556.194878	190.3831436
-1556.244413	190.3460232
-1556.293928	190.3088747
-1556.343422	190.2716984
-1556.392895	190.2344941
-1556.442347	190.1972619
-1556.491777	190.1600018
-1556.541187	190.1227139
-1556.590576	190.0853981
-1556.639944	190.0480545
-1556.68929	190.010683
-1556.738616	189.9732838
-1556.78792	189.9358568
-1556.837204	189.898402
-1556.886466	189.8609194
-1556.935707	189.8234092
-1556.984927	189.7858712
-1557.034126	189.7483056
-1557.083304	189.7107122
-1557.132461	189.6730912
-1557.181596	189.6354426
-1557.230711	189.5977663
-1557.279804	189.5600625
-1557.328876	189.522331
-1557.377926	189.484572
-1557.426956	189.4467855
-1557.475964	189.4089714
-1557.524951	189.3711298
-1557.573917	189.3332607
-1557.622862	189.2953641
-1557.671785	189.2574401
-1557.720687	189.2194887
-1557.769567	189.1815098
-1557.818427	189.1435035
-1557.867265	189.1054698
-1557.916082	189.0674088
-1557.964877	189.0293204
-1558.013651	188.9912047
-1558.062404	188.9530617
-1558.111135	188.9148914
-1558.159845	188.8766938
-1558.208534	188.838469
-1558.257201	188.8002169
-1558.305847	188.7619376
-1558.354471	188.7236312
-1558.403074	188.6852975
-1558.451656	188.6469367
-1558.500216	188.6085487
-1558.548754	188.5701336
-1558.597271	188.5316915
-1558.645767	188.4932222
-1558.694241	188.4547258
-1558.742694	188.4162025
-1558.791125	188.377652
-1558.839535	188.3390746
-1558.887923	188.3004702
-1558.93629	188.2618388
-1558.984635	188.2231805
-1559.032958	188.1844952
-1559.08126	188.145783
-1559.129541	188.1070439
-1559.1778	188.068278
-1559.226037	188.0294852
-1559.274253	187.9906655
-1559.322447	187.951819
-1559.370619	187.9129458
-1559.41877	187.8740457
-1559.466899	187.8351189
-1559.515007	187.7961654
-1559.563093	187.7571851
-1559.611157	187.7181781
-1559.6592	187.6791444
-1559.70722	187.6400841
-1559.75522	187.6009972
-1559.803197	187.5618836
-1559.851153	187.5227434
-1559.899087	187.4835766
-1559.947	187.4443832
-1559.99489	187.4051633
-1560.042759	187.3659169
-1560.090606	187.326644
-1560.138432	187.2873445
-1560.186235	187.2480187
-1560.234017	187.2086663
-1560.281777	187.1692875
-1560.329516	187.1298824
-1560.377232	187.0904508
-1560.424927	187.0509929
-1560.4726	187.0115086
-1560.520251	186.9719979
-1560.56788	186.932461
-1560.615488	186.8928978
-1560.663073	186.8533083
-1560.710637	186.8136925
-1560.758179	186.7740506
-1560.805699	186.7343824
-1560.853197	186.694688
-1560.900673	186.6549674
-1560.948128	186.6152207
-1560.99556	186.5754479
-1561.042971	186.5356489
-1561.090359	186.4958239
-1561.137726	186.4559728
-1561.185071	186.4160956
-1561.232394	186.3761924
-1561.279695	186.3362632
-1561.326973	186.296308
-1561.37423	186.2563268
-1561.421465	186.2163197
-1561.468678	186.1762866
-1561.51587	186.1362276
-1561.563039	186.0961427
-1561.610186	186.056032
-1561.657311	186.0158954
-1561.704414	185.975733
-1561.751495	185.9355448
-1561.798554	185.8953307
-1561.845591	185.8550909
-1561.892606	185.8148254
-1561.939599	185.7745341
-1561.986569	185.7342171
-1562.033518	185.6938745
-1562.080445	185.6535061
-1562.127349	185.6131121
-1562.174232	185.5726925
-1562.221092	185.5322473
-1562.267931	185.4917765
-1562.314747	185.4512801
-1562.361541	185.4107581
-1562.408313	185.3702107
-1562.455063	185.3296377
-1562.501791	185.2890393
-1562.548496	185.2484154
-1562.59518	185.207766
-1562.641841	185.1670912
-1562.68848	185.126391
-1562.735097	185.0856655
-1562.781692	185.0449145
-1562.828265	185.0041382
-1562.874815	184.9633366
-1562.921343	184.9225097
-1562.967849	184.8816576
-1563.014333	184.8407801
-1563.060795	184.7998774
-1563.107234	184.7589496
-1563.153652	184.7179965
-1563.200047	184.6770182
-1563.24642	184.6360147
-1563.29277	184.5949862
-1563.339098	184.5539325
-1563.385404	184.5128537
-1563.431688	184.4717499
-1563.47795	184.430621
-1563.524189	184.389467
-1563.570406	184.3482881
-1563.616601	184.3070841
-1563.662773	184.2658552
-1563.708923	184.2246013
-1563.755051	184.1833225
-1563.801157	184.1420188
-1563.84724	184.1006902
-1563.893301	184.0593368
-1563.939339	184.0179585
-1563.985356	183.9765553
-1564.03135	183.9351274
-1564.077321	183.8936747
-1564.12327	183.8521972
-1564.169197	183.810695
-1564.215102	183.769168
-1564.260984	183.7276164
-1564.306844	183.68604
-1564.352681	183.644439
-1564.398497	183.6028134
-1564.444289	183.5611632
-1564.49006	183.5194883
-1564.535808	183.4777889
-1564.581533	183.4360649
-1564.627236	183.3943164
-1564.672917	183.3525434
-1564.718575	183.3107459
-1564.764211	183.2689239
-1564.809825	183.2270774
-1564.855416	183.1852066
-1564.900985	183.1433113
-1564.946531	183.1013916
-1564.992055	183.0594476
-1565.037556	183.0174792
-1565.083035	182.9754865
-1565.128491	182.9334695
-1565.173925	182.8914282
-1565.219337	182.8493627
-1565.264726	182.8072729
-1565.310092	182.7651589
-1565.355436	182.7230207
-1565.400758	182.6808583
-1565.446057	182.6386717
-1565.491334	182.596461
-1565.536588	182.5542262
-1565.58182	182.5119674
-1565.627029	182.4696844
-1565.672215	182.4273774
-1565.71738	182.3850463
-1565.762521	182.3426912
-1565.80764	182.3003122
-1565.852737	182.2579092
-1565.897811	182.2154822
-1565.942862	182.1730313
-1565.987891	182.1305565
-1566.032898	182.0880578
-1566.077882	182.0455353
-1566.122843	182.0029889
-1566.167782	181.9604187
-1566.212698	181.9178247
-1566.257592	181.8752069
-1566.302463	181.8325653
-1566.347311	181.7899001
-1566.392137	181.7472111
-1566.436941	181.7044984
-1566.481721	181.661762
-1566.52648	181.619002
-1566.571215	181.5762183
-1566.615928	181.533411
-1566.660619	181.4905802
-1566.705286	181.4477258
-1566.749932	181.4048478
-1566.794554	181.3619463
-1566.839154	181.3190213
-1566.883732	181.2760728
-1566.928286	181.2331008
-1566.972819	181.1901054
-1567.017328	181.1470866
-1567.061815	181.1040444
-1567.106279	181.0609788
-1567.150721	181.0178898
-1567.19514	180.9747776
-1567.239536	180.9316419
-1567.28391	180.888483
-1567.328261	180.8453009
-1567.372589	180.8020954
-1567.416895	180.7588668
-1567.461178	180.7156149
-1567.505439	180.6723398
-1567.549676	180.6290416
-1567.593891	180.5857202
-1567.638084	180.5423757
-1567.682254	180.4990081
-1567.726401	180.4556174
-1567.770525	180.4122036
-1567.814627	180.3687668
-1567.858706	180.325307
-1567.902762	180.2818242
-1567.946796	180.2383184
-1567.990807	180.1947896
-1568.034795	180.1512379
-1568.078761	180.1076633
-1568.122703	180.0640658
-1568.166623	180.0204454
-1568.210521	179.9768021
-1568.254396	179.9331361
-1568.298248	179.8894472
-1568.342077	179.8457355
-1568.385883	179.8020011
-1568.429667	179.7582439
-1568.473428	179.714464
-1568.517167	179.6706613
-1568.560882	179.626836
-1568.604575	179.582988
-1568.648246	179.5391174
-1568.691893	179.4952242
-1568.735518	179.4513083
-1568.77912	179.4073699
-1568.822699	179.3634089
-1568.866255	179.3194254
-1568.909789	179.2754194
-1568.9533	179.2313908
-1568.996788	179.1873398
-1569.040254	179.1432664
-1569.083696	179.0991705
-1569.127116	179.0550522
-1569.170514	179.0109115
-1569.213888	178.9667484
-1569.25724	178.922563
-1569.300568	178.8783552
-1569.343875	178.8341252
-1569.387158	178.7898728
-1569.430418	178.7455982
-1569.473656	178.7013013
-1569.516871	178.6569823
-1569.560063	178.612641
-1569.603233	178.5682775
-1569.646379	178.5238919
-1569.689503	178.4794841
-1569.732604	178.4350542
-1569.775683	178.3906022
-1569.818738	178.3461282
-1569.861771	178.301632
-1569.904781	178.2571139
-1569.947768	178.2125737
-1569.990732	178.1680115
-1570.033674	178.1234274
-1570.076592	178.0788213
-1570.119488	178.0341933
-1570.162361	177.9895433
-1570.205211	177.9448715
-1570.248039	177.9001778
-1570.290843	177.8554622
-1570.333625	177.8107249
-1570.376384	177.7659657
-1570.41912	177.7211847
-1570.461834	177.676382
-1570.504524	177.6315575
-1570.547192	177.5867113
-1570.589837	177.5418434
-1570.632459	177.4969538
-1570.675058	177.4520425
-1570.717635	177.4071096
-1570.760188	177.3621551
-1570.802719	177.317179
-1570.845227	177.2721813
-1570.887712	177.2271621
-1570.930174	177.1821213
-1570.972614	177.137059
-1571.01503	177.0919752
-1571.057424	177.0468699
-1571.099795	177.0017432
-1571.142143	176.956595
-1571.184468	176.9114254
-1571.226771	176.8662344
-1571.26905	176.8210221
-1571.311307	176.7757884
-1571.353541	176.7305334
-1571.395752	176.685257
-1571.43794	176.6399594
-1571.480105	176.5946405
-1571.522248	176.5493003
-1571.564367	176.503939
-1571.606464	176.4585564
-1571.648538	176.4131526
-1571.690589	176.3677277
-1571.732617	176.3222816
-1571.774623	176.2768144
-1571.816605	176.2313261
-1571.858565	176.1858167
-1571.900502	176.1402862
-1571.942415	176.0947347
-1571.984307	176.0491622
-1572.026175	176.0035686
-1572.06802	175.9579541
-1572.109843	175.9123186
-1572.151642	175.8666622
-1572.193419	175.8209849
-1572.235173	175.7752866
-1572.276904	175.7295675
-1572.318612	175.6838276
-1572.360297	175.6380667
-1572.40196	175.5922851
-1572.443599	175.5464827
-1572.485216	175.5006595
-1572.52681	175.4548155
-1572.568381	175.4089508
-1572.609929	175.3630654
-1572.651454	175.3171593
-1572.692957	175.2712325
-1572.734436	175.225285
-1572.775893	175.1793169
-1572.817326	175.1333282
-1572.858737	175.0873189
-1572.900125	175.0412891
-1572.94149	174.9952386
-1572.982833	174.9491677
-1573.024152	174.9030762
-1573.065449	174.8569642
-1573.106722	174.8108318
-1573.147973	174.7646789
-1573.189201	174.7185056
-1573.230406	174.6723118
-1573.271588	174.6260977
-1573.312747	174.5798632
-1573.353884	174.5336084
-1573.394997	174.4873332
-1573.436088	174.4410377
-1573.477156	174.3947219
-1573.518201	174.3483858
-1573.559223	174.3020295
-1573.600222	174.2556529
-1573.641198	174.2092562
-1573.682152	174.1628392
-1573.723082	174.1164021
-1573.76399	174.0699448
-1573.804875	174.0234674
-1573.845737	173.9769699
-1573.886576	173.9304523
-1573.927392	173.8839146
-1573.968185	173.8373569
-1574.008956	173.7907791
-1574.049703	173.7441813
-1574.090428	173.6975636
-1574.13113	173.6509258
-1574.171809	173.6042681
-1574.212465	173.5575905
-1574.253098	173.510893
-1574.293708	173.4641755
-1574.334296	173.4174382
-1574.37486	173.3706811
-1574.415402	173.3239041
-1574.455921	173.2771073
-1574.496417	173.2302907
-1574.53689	173.1834543
-1574.57734	173.1365982
-1574.617767	173.0897224
-1574.658172	173.0428268
-1574.698554	172.9959116
-1574.738912	172.9489766
-1574.779248	172.902022
-1574.819561	172.8550478
-1574.859851	172.808054
-1574.900119	172.7610405
-1574.940363	172.7140075
-1574.980585	172.666955
-1575.020783	172.6198829
-1575.060959	172.5727912
-1575.101112	172.5256801
-1575.141242	172.4785495
-1575.181349	172.4313995
-1575.221434	172.38423
-1575.261495	172.3370411
-1575.301534	172.2898328
-1575.34155	172.2426051
-1575.381542	172.195358
-1575.421513	172.1480917
-1575.46146	172.100806
-1575.501384	172.0535009
-1575.541286	172.0061767
-1575.581164	171.9588331
-1575.62102	171.9114703
-1575.660853	171.8640883
-1575.700663	171.8166871
-1575.74045	171.7692666
-1575.780214	171.7218271
-1575.819956	171.6743684
-1575.859675	171.6268905
-1575.89937	171.5793936
-1575.939043	171.5318775
-1575.978693	171.4843424
-1576.018321	171.4367882
-1576.057925	171.389215
-1576.097507	171.3416228
-1576.137065	171.2940117
-1576.176601	171.2463815
-1576.216114	171.1987324
-1576.255604	171.1510643
-1576.295072	171.1033774
-1576.334516	171.0556715
-1576.373938	171.0079468
-1576.413337	170.9602032
-1576.452713	170.9124408
-1576.492066	170.8646595
-1576.531396	170.8168595
-1576.570703	170.7690406
-1576.609988	170.721203
-1576.64925	170.6733467
-1576.688489	170.6254717
-1576.727705	170.5775779
-1576.766898	170.5296655
-1576.806069	170.4817344
-1576.845216	170.4337846
-1576.884341	170.3858162
-1576.923443	170.3378293
-1576.962522	170.2898237
-1577.001579	170.2417995
-1577.040612	170.1937568
-1577.079623	170.1456956
-1577.118611	170.0976159
-1577.157576	170.0495176
-1577.196518	170.0014009
-1577.235437	169.9532657
-1577.274334	169.9051121
-1577.313208	169.8569401
-1577.352059	169.8087497
-1577.390887	169.7605409
-1577.429692	169.7123137
-1577.468475	169.6640682
-1577.507235	169.6158043
-1577.545972	169.5675222
-1577.584686	169.5192217
-1577.623377	169.470903
-1577.662046	169.4225661
-1577.700691	169.3742109
-1577.739314	169.3258375
-1577.777914	169.2774459
-1577.816492	169.2290362
-1577.855046	169.1806082
-1577.893578	169.1321622
-1577.932087	169.083698
-1577.970573	169.0352157
-1578.009037	168.9867154
-1578.047477	168.9381969
-1578.085895	168.8896605
-1578.12429	168.841106
-1578.162662	168.7925335
-1578.201012	168.743943
-1578.239338	168.6953345
-1578.277642	168.6467081
-1578.315923	168.5980637
-1578.354182	168.5494015
-1578.392417	168.5007213
-1578.43063	168.4520233
-1578.46882	168.4033074
-1578.506987	168.3545736
-1578.545132	168.3058221
-1578.583253	168.2570527
-1578.621352	168.2082656
-1578.659429	168.1594606
-1578.697482	168.110638
-1578.735513	168.0617976
-1578.773521	168.0129394
-1578.811506	167.9640636
-1578.849468	167.9151701
-1578.887408	167.866259
-1578.925325	167.8173302
-1578.963219	167.7683838
-1579.00109	167.7194198
-1579.038939	167.6704382
-1579.076765	167.621439
-1579.114568	167.5724223
-1579.152348	167.5233881
-1579.190106	167.4743363
-1579.227841	167.4252671
-1579.265553	167.3761804
-1579.303243	167.3270762
-1579.340909	167.2779546
-1579.378553	167.2288155
-1579.416175	167.1796591
-1579.453773	167.1304852
-1579.491349	167.081294
-1579.528902	167.0320855
-1579.566432	166.9828596
-1579.60394	166.9336164
-1579.641425	166.8843559
-1579.678887	166.8350781
-1579.716327	166.7857831
-1579.753743	166.7364708
-1579.791138	166.6871413
-1579.828509	166.6377946
-1579.865858	166.5884307
-1579.903184	166.5390496
-1579.940487	166.4896514
-1579.977767	166.4402361
-1580.015025	166.3908036
-1580.05226	166.341354
-1580.089473	166.2918874
-1580.126663	166.2424036
-1580.16383	166.1929029
-1580.200974	166.1433851
-1580.238096	166.0938503
-1580.275195	166.0442985
-1580.312271	165.9947297
-1580.349325	165.945144
-1580.386356	165.8955413
-1580.423364	165.8459217
-1580.460349	165.7962852
-1580.497312	165.7466319
-1580.534253	165.6969616
-1580.57117	165.6472745
-1580.608065	165.5975706
-1580.644937	165.5478498
-1580.681787	165.4981123
-1580.718614	165.4483579
-1580.755418	165.3985868
-1580.7922	165.348799
-1580.828959	165.2989944
-1580.865695	165.2491731
-1580.902409	165.1993351
-1580.9391	165.1494805
-1580.975768	165.0996091
-1581.012414	165.0497212
-1581.049037	164.9998166
-1581.085637	164.9498954
-1581.122215	164.8999576
-1581.15877	164.8500032
-1581.195303	164.8000323
-1581.231813	164.7500449
-1581.2683	164.7000409
-1581.304764	164.6500204
-1581.341206	164.5999835
-1581.377626	164.54993
-1581.414022	164.4998601
-1581.450397	164.4497738
-1581.486748	164.3996711
-1581.523077	164.3495519
-1581.559383	164.2994164
-1581.595667	164.2492645
-1581.631928	164.1990963
-1581.668166	164.1489117
-1581.704382	164.0987108
-1581.740576	164.0484937
-1581.776746	163.9982602
-1581.812894	163.9480105
-1581.84902	163.8977445
-1581.885123	163.8474623
-1581.921203	163.7971639
-1581.957261	163.7468493
-1581.993296	163.6965185
-1582.029308	163.6461715
-1582.065298	163.5958084
-1582.101265	163.5454292
-1582.13721	163.4950339
-1582.173132	163.4446225
-1582.209032	163.394195
-1582.244909	163.3437514
-1582.280764	163.2932918
-1582.316596	163.2428161
-1582.352405	163.1923245
-1582.388192	163.1418169
-1582.423956	163.0912933
-1582.459698	163.0407537
-1582.495417	162.9901982
-1582.531113	162.9396267
-1582.566787	162.8890394
-1582.602439	162.8384361
-1582.638068	162.787817
-1582.673674	162.7371821
-1582.709258	162.6865312
-1582.744819	162.6358646
-1582.780358	162.5851821
-1582.815874	162.5344839
-1582.851368	162.4837699
-1582.886839	162.4330401
-1582.922288	162.3822946
-1582.957714	162.3315333
-1582.993118	162.2807564
-1583.028499	162.2299637
-1583.063858	162.1791554
-1583.099194	162.1283314
-1583.134507	162.0774918
-1583.169798	162.0266365
-1583.205067	161.9757657
-1583.240313	161.9248792
-1583.275536	161.8739772
-1583.310737	161.8230596
-1583.345916	161.7721264
-1583.381072	161.7211777
-1583.416206	161.6702136
-1583.451317	161.6192339
-1583.486405	161.5682387
-1583.521472	161.5172281
-1583.556515	161.466202
-1583.591536	161.4151605
-1583.626535	161.3641036
-1583.661511	161.3130313
-1583.696465	161.2619436
-1583.731396	161.2108406
-1583.766305	161.1597221
-1583.801191	161.1085884
-1583.836055	161.0574393
-1583.870897	161.006275
-1583.905716	160.9550953
-1583.940512	160.9039004
-1583.975286	160.8526903
-1584.010038	160.8014649
-1584.044767	160.7502243
-1584.079474	160.6989684
-1584.114158	160.6476974
-1584.14882	160.5964112
-1584.183459	160.5451099
-1584.218076	160.4937934
-1584.252671	160.4424618
-1584.287243	160.3911151
-1584.321793	160.3397533
-1584.35632	160.2883764
-1584.390825	160.2369845
-1584.425307	160.1855775
-1584.459767	160.1341555
-1584.494205	160.0827185
-1584.52862	160.0312665
-1584.563013	159.9797995
-1584.597383	159.9283175
-1584.631731	159.8768206
-1584.666057	159.8253088
-1584.70036	159.773782
-1584.734641	159.7222403
-1584.768899	159.6706838
-1584.803135	159.6191124
-1584.837349	159.5675261
-1584.87154	159.515925
-1584.905709	159.4643091
-1584.939856	159.4126783
-1584.97398	159.3610328
-1585.008082	159.3093725
-1585.042161	159.2576975
-1585.076218	159.2060076
-1585.110253	159.1543031
-1585.144265	159.1025839
-1585.178255	159.0508499
-1585.212222	158.9991013
-1585.246168	158.947338
-1585.28009	158.8955601
-1585.313991	158.8437675
-1585.347869	158.7919603
-1585.381725	158.7401385
-1585.415558	158.6883021
-1585.44937	158.6364511
-1585.483158	158.5845856
-1585.516925	158.5327056
-1585.550669	158.480811
-1585.584391	158.4289019
-1585.61809	158.3769783
-1585.651768	158.3250402
-1585.685423	158.2730877
-1585.719055	158.2211207
-1585.752665	158.1691393
-1585.786253	158.1171434
-1585.819819	158.0651332
-1585.853362	158.0131086
-1585.886883	157.9610696
-1585.920382	157.9090162
-1585.953858	157.8569485
-1585.987313	157.8048665
-1586.020744	157.7527701
-1586.054154	157.7006595
-1586.087541	157.6485346
-1586.120906	157.5963954
-1586.154249	157.544242
-1586.187569	157.4920743
-1586.220867	157.4398924
-1586.254143	157.3876963
-1586.287397	157.335486
-1586.320628	157.2832616
-1586.353837	157.2310229
-1586.387024	157.1787702
-1586.420189	157.1265033
-1586.453331	157.0742223
-1586.486451	157.0219272
-1586.519549	156.969618
-1586.552624	156.9172947
-1586.585678	156.8649574
-1586.618709	156.8126061
-1586.651718	156.7602407
-1586.684704	156.7078613
-1586.717669	156.6554679
-1586.750611	156.6030605
-1586.783531	156.5506392
-1586.816428	156.4982039
-1586.849304	156.4457547
-1586.882157	156.3932916
-1586.914988	156.3408146
-1586.947797	156.2883236
-1586.980584	156.2358188
-1587.013348	156.1833002
-1587.04609	156.1307677
-1587.07881	156.0782213
-1587.111508	156.0256612
-1587.144184	155.9730872
-1587.176837	155.9204995
-1587.209468	155.867898
-1587.242077	155.8152827
-1587.274664	155.7626537
-1587.307229	155.7100109
-1587.339771	155.6573545
-1587.372292	155.6046843
-1587.40479	155.5520005
-1587.437266	155.499303
-1587.46972	155.4465918
-1587.502151	155.393867
-1587.534561	155.3411286
-1587.566948	155.2883766
-1587.599313	155.2356109
-1587.631656	155.1828317
-1587.663977	155.130039
-1587.696276	155.0772326
-1587.728553	155.0244128
-1587.760807	154.9715794
-1587.793039	154.9187325
-1587.82525	154.8658721
-1587.857438	154.8129982
-1587.889603	154.7601109
-1587.921747	154.7072101
-1587.953869	154.6542959
-1587.985969	154.6013682
-1588.018046	154.5484272
-1588.050101	154.4954727
-1588.082134	154.4425049
-1588.114146	154.3895237
-1588.146135	154.3365292
-1588.178101	154.2835213
-1588.210046	154.2305001
-1588.241969	154.1774656
-1588.27387	154.1244178
-1588.305748	154.0713568
-1588.337604	154.0182824
-1588.369439	153.9651948
-1588.401251	153.912094
-1588.433041	153.85898
-1588.464809	153.8058527
-1588.496555	153.7527123
-1588.528279	153.6995587
-1588.559981	153.6463919
-1588.591661	153.593212
-1588.623319	153.5400189
-1588.654954	153.4868127
-1588.686568	153.4335934
-1588.71816	153.380361
-1588.749729	153.3271156
-1588.781277	153.273857
-1588.812802	153.2205854
-1588.844306	153.1673008
-1588.875787	153.1140032
-1588.907246	153.0606925
-1588.938684	153.0073689
-1588.970099	152.9540323
-1589.001492	152.9006827
-1589.032864	152.8473201
-1589.064213	152.7939446
-1589.09554	152.7405562
-1589.126845	152.6871549
-1589.158128	152.6337407
-1589.18939	152.5803136
-1589.220629	152.5268736
-1589.251846	152.4734208
-1589.283041	152.4199551
-1589.314214	152.3664766
-1589.345366	152.3129853
-1589.376495	152.2594812
-1589.407602	152.2059644
-1589.438687	152.1524347
-1589.46975	152.0988923
-1589.500792	152.0453371
-1589.531811	151.9917692
-1589.562808	151.9381886
-1589.593784	151.8845953
-1589.624737	151.8309893
-1589.655669	151.7773706
-1589.686578	151.7237393
-1589.717466	151.6700953
-1589.748331	151.6164387
-1589.779175	151.5627695
-1589.809997	151.5090876
-1589.840796	151.4553932
-1589.871574	151.4016862
-1589.90233	151.3479666
-1589.933064	151.2942345
-1589.963776	151.2404898
-1589.994466	151.1867326
-1590.025134	151.1329629
-1590.05578	151.0791807
-1590.086405	151.025386
-1590.117007	150.9715789
-1590.147588	150.9177593
-1590.178146	150.8639272
-1590.208683	150.8100827
-1590.239198	150.7562258
-1590.26969	150.7023566
-1590.300161	150.6484749
-1590.33061	150.5945808
-1590.361038	150.5406744
-1590.391443	150.4867556
-1590.421826	150.4328245
-1590.452188	150.3788811
-1590.482528	150.3249254
-1590.512845	150.2709573
-1590.543141	150.216977
-1590.573415	150.1629844
-1590.603668	150.1089796
-1590.633898	150.0549625
-1590.664106	150.0009333
-1590.694293	149.9468917
-1590.724458	149.892838
-1590.754601	149.8387721
-1590.784722	149.7846941
-1590.814821	149.7306038
-1590.844898	149.6765015
-1590.874954	149.6223869
-1590.904988	149.5682603
-1590.935	149.5141216
-1590.96499	149.4599707
-1590.994958	149.4058078
-1591.024904	149.3516329
-1591.054829	149.2974458
-1591.084732	149.2432467
-1591.114613	149.1890356
-1591.144472	149.1348125
-1591.174309	149.0805774
-1591.204125	149.0263303
-1591.233918	148.9720712
-1591.26369	148.9178002
-1591.293441	148.8635172
-1591.323169	148.8092223
-1591.352876	148.7549154
-1591.38256	148.7005967
-1591.412224	148.646266
-1591.441865	148.5919235
-1591.471484	148.5375691
-1591.501082	148.4832028
-1591.530658	148.4288247
-1591.560212	148.3744347
-1591.589745	148.320033
-1591.619255	148.2656194
-1591.648744	148.2111941
-1591.678212	148.156757
-1591.707657	148.1023081
-1591.737081	148.0478474
-1591.766483	147.993375
-1591.795863	147.9388909
-1591.825221	147.8843951
-1591.854558	147.8298876
-1591.883873	147.7753684
-1591.913166	147.7208375
-1591.942438	147.6662949
-1591.971688	147.6117407
-1592.000916	147.5571749
-1592.030123	147.5025974
-1592.059307	147.4480083
-1592.08847	147.3934077
-1592.117612	147.3387954
-1592.146731	147.2841716
-1592.175829	147.2295362
-1592.204906	147.1748893
-1592.23396	147.1202308
-1592.262993	147.0655609
-1592.292004	147.0108794
-1592.320994	146.9561864
-1592.349962	146.9014819
-1592.378908	146.846766
-1592.407833	146.7920386
-1592.436735	146.7372998
-1592.465617	146.6825495
-1592.494476	146.6277878
-1592.523314	146.5730147
-1592.55213	146.5182303
-1592.580925	146.4634344
-1592.609698	146.4086272
-1592.638449	146.3538086
-1592.667179	146.2989787
-1592.695887	146.2441374
-1592.724574	146.1892849
-1592.753238	146.134421
-1592.781882	146.0795458
-1592.810503	146.0246594
-1592.839103	145.9697617
-1592.867682	145.9148527
-1592.896238	145.8599325
-1592.924773	145.8050011
-1592.953287	145.7500584
-1592.981779	145.6951046
-1593.010249	145.6401395
-1593.038698	145.5851633
-1593.067125	145.5301759
-1593.095531	145.4751774
-1593.123915	145.4201677
-1593.152277	145.3651469
-1593.180618	145.310115
-1593.208937	145.255072
-1593.237235	145.2000178
-1593.265511	145.1449527
-1593.293766	145.0898764
-1593.321999	145.0347891
-1593.35021	144.9796907
-1593.3784	144.9245814
-1593.406569	144.869461
-1593.434716	144.8143296
-1593.462841	144.7591872
-1593.490945	144.7040338
-1593.519027	144.6488695
-1593.547088	144.5936942
-1593.575127	144.538508
-1593.603145	144.4833108
-1593.631141	144.4281027
-1593.659115	144.3728837
-1593.687068	144.3176539
-1593.715	144.2624131
-1593.74291	144.2071615
-1593.770799	144.151899
-1593.798666	144.0966257
-1593.826512	144.0413416
-1593.854336	143.9860466
-1593.882138	143.9307408
-1593.90992	143.8754243
-1593.937679	143.8200969
-1593.965418	143.7647588
-1593.993134	143.70941
-1594.02083	143.6540503
-1594.048504	143.59868
-1594.076156	143.5432989
-1594.103787	143.4879072
-1594.131396	143.4325047
-1594.158984	143.3770915
-1594.186551	143.3216677
-1594.214096	143.2662332
-1594.24162	143.2107881
-1594.269122	143.1553323
-1594.296603	143.099866
-1594.324062	143.044389
-1594.3515	142.9889014
-1594.378917	142.9334032
-1594.406312	142.8778944
-1594.433686	142.8223751
-1594.461038	142.7668452
-1594.488369	142.7113048
-1594.515679	142.6557539
-1594.542967	142.6001925
-1594.570233	142.5446205
-1594.597479	142.4890381
-1594.624703	142.4334452
-1594.651905	142.3778418
-1594.679087	142.322228
-1594.706246	142.2666037
-1594.733385	142.210969
-1594.760502	142.1553239
-1594.787598	142.0996683
-1594.814672	142.0440024
-1594.841725	141.9883261
-1594.868757	141.9326395
-1594.895767	141.8769424
-1594.922756	141.8212351
-1594.949724	141.7655174
-1594.97667	141.7097894
-1595.003595	141.654051
-1595.030499	141.5983024
-1595.057381	141.5425435
-1595.084242	141.4867743
-1595.111082	141.4309948
-1595.1379	141.3752051
-1595.164697	141.3194052
-1595.191473	141.263595
-1595.218227	141.2077747
-1595.244961	141.1519441
-1595.271673	141.0961033
-1595.298363	141.0402524
-1595.325032	140.9843912
-1595.35168	140.92852
-1595.378307	140.8726386
-1595.404913	140.816747
-1595.431497	140.7608454
-1595.45806	140.7049336
-1595.484602	140.6490117
-1595.511122	140.5930798
-1595.537621	140.5371378
-1595.564099	140.4811857
-1595.590556	140.4252236
-1595.616991	140.3692514
-1595.643406	140.3132692
-1595.669799	140.257277
-1595.69617	140.2012748
-1595.722521	140.1452626
-1595.74885	140.0892404
-1595.775158	140.0332083
-1595.801445	139.9771662
-1595.827711	139.9211142
-1595.853955	139.8650522
-1595.880179	139.8089803
-1595.906381	139.7528985
-1595.932562	139.6968069
-1595.958721	139.6407053
-1595.98486	139.5845939
-1596.010977	139.5284726
-1596.037073	139.4723414
-1596.063148	139.4162004
-1596.089202	139.3600496
-1596.115235	139.303889
-1596.141246	139.2477186
-1596.167237	139.1915383
-1596.193206	139.1353483
-1596.219154	139.0791486
-1596.245081	139.0229391
-1596.270987	138.9667198
-1596.296872	138.9104908
-1596.322735	138.8542521
-1596.348578	138.7980037
-1596.374399	138.7417455
-1596.400199	138.6854777
-1596.425978	138.6292002
-1596.451736	138.5729131
-1596.477473	138.5166163
-1596.503189	138.4603099
-1596.528883	138.4039938
-1596.554557	138.3476681
-1596.58021	138.2913328
-1596.605841	138.2349879
-1596.631451	138.1786335
-1596.657041	138.1222694
-1596.682609	138.0658958
-1596.708156	138.0095127
-1596.733682	137.95312
-1596.759187	137.8967178
-1596.784671	137.8403061
-1596.810134	137.7838849
-1596.835576	137.7274542
-1596.860997	137.671014
-1596.886397	137.6145644
-1596.911776	137.5581053
-1596.937134	137.5016367
-1596.96247	137.4451587
-1596.987786	137.3886713
-1597.013081	137.3321745
-1597.038355	137.2756683
-1597.063608	137.2191527
-1597.088839	137.1626277
-1597.11405	137.1060934
-1597.13924	137.0495497
-1597.164409	136.9929966
-1597.189557	136.9364343
-1597.214684	136.8798626
-1597.23979	136.8232816
-1597.264875	136.7666913
-1597.289939	136.7100917
-1597.314982	136.6534829
-1597.340004	136.5968648
-1597.365005	136.5402374
-1597.389985	136.4836008
-1597.414944	136.426955
-1597.439883	136.3703
-1597.4648	136.3136357
-1597.489697	136.2569623
-1597.514572	136.2002797
-1597.539427	136.1435879
-1597.564261	136.0868869
-1597.589074	136.0301768
-1597.613866	135.9734576
-1597.638637	135.9167292
-1597.663387	135.8599917
-1597.688117	135.8032451
-1597.712825	135.7464895
-1597.737513	135.6897247
-1597.76218	135.6329509
-1597.786825	135.576168
-1597.811451	135.5193761
-1597.836055	135.4625751
-1597.860638	135.4057651
-1597.885201	135.3489461
-1597.909742	135.2921181
-1597.934263	135.2352811
-1597.958763	135.1784351
-1597.983242	135.1215802
-1598.007701	135.0647162
-1598.032138	135.0078434
-1598.056555	134.9509616
-1598.080951	134.8940709
-1598.105326	134.8371713
-1598.129681	134.7802627
-1598.154014	134.7233453
-1598.178327	134.666419
-1598.202619	134.6094838
-1598.22689	134.5525398
-1598.251141	134.495587
-1598.275371	134.4386252
-1598.29958	134.3816547
-1598.323768	134.3246754
-1598.347935	134.2676872
-1598.372082	134.2106903
-1598.396208	134.1536846
-1598.420313	134.0966701
-1598.444398	134.0396469
-1598.468462	133.9826149
-1598.492505	133.9255742
-1598.516527	133.8685247
-1598.540529	133.8114666
-1598.56451	133.7543997
-1598.58847	133.6973241
-1598.61241	133.6402399
-1598.636329	133.583147
-1598.660227	133.5260455
-1598.684105	133.4689353
-1598.707962	133.4118164
-1598.731798	133.354689
-1598.755614	133.2975529
-1598.779409	133.2404082
-1598.803183	133.1832549
-1598.826937	133.1260931
-1598.85067	133.0689226
-1598.874383	133.0117437
-1598.898074	132.9545561
-1598.921746	132.8973601
-1598.945396	132.8401555
-1598.969026	132.7829424
-1598.992636	132.7257208
-1599.016224	132.6684907
-1599.039793	132.6112521
-1599.06334	132.554005
-1599.086867	132.4967495
-1599.110374	132.4394855
-1599.13386	132.3822131
-1599.157325	132.3249323
-1599.18077	132.267643
-1599.204194	132.2103454
-1599.227598	132.1530393
-1599.250981	132.0957249
-1599.274344	132.0384021
-1599.297686	131.9810709
-1599.321007	131.9237314
-1599.344308	131.8663836
-1599.367589	131.8090274
-1599.390849	131.7516629
-1599.414088	131.69429
-1599.437308	131.6369089
-1599.460506	131.5795195
-1599.483684	131.5221219
-1599.506842	131.4647159
-1599.529979	131.4073017
-1599.553096	131.3498793
-1599.576192	131.2924486
-1599.599268	131.2350097
-1599.622323	131.1775626
-1599.645358	131.1201073
-1599.668372	131.0626438
-1599.691366	131.0051722
-1599.71434	130.9476923
-1599.737293	130.8902044
-1599.760226	130.8327082
-1599.783138	130.7752039
-1599.80603	130.7176916
-1599.828901	130.660171
-1599.851753	130.6026424
-1599.874583	130.5451057
-1599.897394	130.4875609
-1599.920184	130.4300081
-1599.942953	130.3724472
-1599.965703	130.3148782
-1599.988432	130.2573012
-1600.01114	130.1997162
-1600.033829	130.1421231
-1600.056497	130.0845221
-1600.079144	130.026913
-1600.101771	129.969296
-1600.124378	129.911671
-1600.146965	129.854038
-1600.169531	129.7963971
-1600.192077	129.7387482
-1600.214603	129.6810914
-1600.237109	129.6234267
-1600.259594	129.565754
-1600.282059	129.5080735
-1600.304503	129.4503851
-1600.326928	129.3926888
-1600.349332	129.3349846
-1600.371716	129.2772726
-1600.394079	129.2195527
-1600.416423	129.161825
-1600.438746	129.1040895
-1600.461049	129.0463461
-1600.483332	128.9885949
-1600.505594	128.930836
-1600.527837	128.8730693
-1600.550059	128.8152948
-1600.572261	128.7575125
-1600.594442	128.6997225
-1600.616604	128.6419247
-1600.638745	128.5841192
-1600.660867	128.526306
-1600.682968	128.4684851
-1600.705049	128.4106564
-1600.727109	128.3528201
-1600.74915	128.2949761
-1600.77117	128.2371245
-1600.793171	128.1792652
-1600.815151	128.1213982
-1600.837111	128.0635236
-1600.859051	128.0056414
-1600.880971	127.9477515
-1600.902871	127.8898541
-1600.924751	127.8319491
-1600.94661	127.7740364
-1600.96845	127.7161162
-1600.990269	127.6581885
-1601.012069	127.6002532
-1601.033848	127.5423103
-1601.055608	127.4843599
-1601.077347	127.426402
-1601.099066	127.3684366
-1601.120765	127.3104637
-1601.142445	127.2524833
-1601.164104	127.1944954
-1601.185743	127.1365
-1601.207362	127.0784972
-1601.228961	127.0204869
-1601.250541	126.9624692
-1601.2721	126.9044441
-1601.293639	126.8464115
-1601.315158	126.7883716
-1601.336658	126.7303242
-1601.358137	126.6722695
-1601.379597	126.6142074
-1601.401036	126.5561379
-1601.422456	126.498061
-1601.443855	126.4399768
-1601.465235	126.3818853
-1601.486595	126.3237865
-1601.507935	126.2656803
-1601.529255	126.2075669
-1601.550555	126.1494461
-1601.571835	126.0913181
-1601.593095	126.0331827
-1601.614336	125.9750402
-1601.635556	125.9168903
-1601.656757	125.8587332
-1601.677938	125.8005689
-1601.699099	125.7423974
-1601.72024	125.6842187
-1601.741361	125.6260327
-1601.762463	125.5678396
-1601.783545	125.5096393
-1601.804607	125.4514318
-1601.825649	125.3932171
-1601.846671	125.3349953
-1601.867674	125.2767664
-1601.888656	125.2185303
-1601.909619	125.1602871
-1601.930563	125.1020368
-1601.951486	125.0437794
-1601.97239	124.9855149
-1601.993274	124.9272433
-1602.014138	124.8689647
-1602.034983	124.810679
-1602.055807	124.7523863
-1602.076612	124.6940865
-1602.097398	124.6357796
-1602.118163	124.5774658
-1602.138909	124.519145
-1602.159636	124.4608171
-1602.180342	124.4024823
-1602.201029	124.3441405
-1602.221697	124.2857917
-1602.242344	124.2274359
-1602.262972	124.1690733
-1602.28358	124.1107036
-1602.304169	124.0523271
-1602.324738	123.9939436
-1602.345288	123.9355532
-1602.365817	123.8771559
-1602.386328	123.8187518
-1602.406818	123.7603407
-1602.427289	123.7019228
-1602.447741	123.643498
-1602.468173	123.5850664
-1602.488585	123.526628
-1602.508978	123.4681827
-1602.529351	123.4097306
-1602.549705	123.3512716
-1602.570039	123.2928059
-1602.590353	123.2343334
-1602.610648	123.1758541
-1602.630924	123.1173681
-1602.65118	123.0588753
-1602.671417	123.0003757
-1602.691634	122.9418694
-1602.711831	122.8833564
-1602.732009	122.8248367
-1602.752168	122.7663102
-1602.772307	122.7077771
-1602.792427	122.6492372
-1602.812527	122.5906907
-1602.832608	122.5321375
-1602.85267	122.4735777
-1602.872712	122.4150112
-1602.892734	122.356438
-1602.912737	122.2978583
-1602.932721	122.2392719
-1602.952685	122.1806789
-1602.97263	122.1220793
-1602.992556	122.0634731
-1603.012462	122.0048603
-1603.032349	121.946241
-1603.052217	121.8876151
-1603.072065	121.8289826
-1603.091894	121.7703436
-1603.111703	121.7116981
-1603.131494	121.653046
-1603.151265	121.5943874
-1603.171016	121.5357224
-1603.190749	121.4770508
-1603.210462	121.4183728
-1603.230155	121.3596883
-1603.24983	121.3009973
-1603.269485	121.2422998
-1603.289121	121.1835959
-1603.308738	121.1248856
-1603.328335	121.0661689
-1603.347913	121.0074457
-1603.367472	120.9487162
-1603.387012	120.8899802
-1603.406533	120.8312379
-1603.426034	120.7724892
-1603.445516	120.7137341
-1603.464979	120.6549726
-1603.484423	120.5962048
-1603.503848	120.5374307
-1603.523253	120.4786502
-1603.54264	120.4198635
-1603.562007	120.3610704
-1603.581355	120.302271
-1603.600684	120.2434653
-1603.619994	120.1846534
-1603.639285	120.1258351
-1603.658556	120.0670106
-1603.677809	120.0081799
-1603.697042	119.9493429
-1603.716257	119.8904997
-1603.735452	119.8316503
-1603.754628	119.7727946
-1603.773786	119.7139328
-1603.792924	119.6550647
-1603.812043	119.5961905
-1603.831143	119.5373101
-1603.850224	119.4784235
-1603.869286	119.4195308
-1603.888329	119.3606319
-1603.907353	119.3017269
-1603.926358	119.2428157
-1603.945344	119.1838985
-1603.964312	119.1249751
-1603.98326	119.0660456
-1604.002189	119.00711
-1604.021099	118.9481684
-1604.039991	118.8892207
-1604.058863	118.8302669
-1604.077717	118.7713071
-1604.096551	118.7123412
-1604.115367	118.6533693
-1604.134164	118.5943914
-1604.152942	118.5354074
-1604.171701	118.4764175
-1604.190441	118.4174216
-1604.209162	118.3584196
-1604.227865	118.2994117
-1604.246548	118.2403978
-1604.265213	118.181378
-1604.283859	118.1223522
-1604.302486	118.0633205
-1604.321095	118.0042828
-1604.339684	117.9452393
-1604.358255	117.8861898
-1604.376807	117.8271344
-1604.395341	117.7680731
-1604.413855	117.7090059
-1604.432351	117.6499329
-1604.450828	117.590854
-1604.469286	117.5317692
-1604.487726	117.4726786
-1604.506146	117.4135822
-1604.524548	117.3544799
-1604.542932	117.2953718
-1604.561297	117.2362579
-1604.579643	117.1771382
-1604.59797	117.1180127
-1604.616279	117.0588814
-1604.634569	116.9997443
-1604.65284	116.9406015
-1604.671093	116.881453
-1604.689327	116.8222986
-1604.707542	116.7631386
-1604.725739	116.7039728
-1604.743918	116.6448013
-1604.762077	116.5856241
-1604.780218	116.5264412
-1604.798341	116.4672526
-1604.816445	116.4080583
-1604.83453	116.3488583
-1604.852597	116.2896527
-1604.870645	116.2304414
-1604.888675	116.1712245
-1604.906686	116.1120019
-1604.924679	116.0527738
-1604.942653	115.99354
-1604.960609	115.9343005
-1604.978546	115.8750555
-1604.996465	115.8158049
-1605.014365	115.7565487
-1605.032247	115.697287
-1605.050111	115.6380197
-1605.067956	115.5787468
-1605.085782	115.5194684
-1605.10359	115.4601844
-1605.12138	115.4008949
-1605.139151	115.3415999
-1605.156904	115.2822994
-1605.174639	115.2229934
-1605.192355	115.1636819
-1605.210052	115.1043649
-1605.227732	115.0450424
-1605.245393	114.9857145
-1605.263036	114.9263811
-1605.28066	114.8670422
-1605.298266	114.8076979
-1605.315854	114.7483482
-1605.333423	114.6889931
-1605.350974	114.6296326
-1605.368507	114.5702666
-1605.386022	114.5108953
-1605.403518	114.4515186
-1605.420996	114.3921365
-1605.438456	114.332749
-1605.455898	114.2733562
-1605.473321	114.213958
-1605.490726	114.1545545
-1605.508113	114.0951456
-1605.525482	114.0357314
-1605.542832	113.9763119
-1605.560164	113.9168871
-1605.577479	113.857457
-1605.594775	113.7980217
-1605.612053	113.738581
-1605.629312	113.6791351
-1605.646554	113.6196839
-1605.663777	113.5602274
-1605.680983	113.5007657
-1605.69817	113.4412988
-1605.715339	113.3818266
-1605.73249	113.3223492
-1605.749623	113.2628666
-1605.766738	113.2033788
-1605.783835	113.1438859
-1605.800913	113.0843877
-1605.817974	113.0248843
-1605.835017	112.9653758
-1605.852041	112.9058622
-1605.869048	112.8463433
-1605.886037	112.7868194
-1605.903007	112.7272903
-1605.91996	112.6677561
-1605.936895	112.6082167
-1605.953812	112.5486723
-1605.97071	112.4891228
-1605.987591	112.4295681
-1606.004454	112.3700084
-1606.021299	112.3104436
-1606.038126	112.2508738
-1606.054935	112.1912989
-1606.071726	112.1317189
-1606.0885	112.072134
-1606.105255	112.0125439
-1606.121993	111.9529489
-1606.138713	111.8933489
-1606.155415	111.8337438
-1606.172099	111.7741338
-1606.188765	111.7145187
-1606.205413	111.6548987
-1606.222044	111.5952737
-1606.238657	111.5356438
-1606.255252	111.4760089
-1606.271829	111.416369
-1606.288389	111.3567242
-1606.30493	111.2970745
-1606.321454	111.2374199
-1606.33796	111.1777603
-1606.354449	111.1180959
-1606.37092	111.0584265
-1606.387373	110.9987523
-1606.403808	110.9390732
-1606.420226	110.8793892
-1606.436626	110.8197004
-1606.453008	110.7600067
-1606.469373	110.7003082
-1606.48572	110.6406048
-1606.502049	110.5808966
-1606.518361	110.5211836
-1606.534655	110.4614657
-1606.550931	110.4017431
-1606.56719	110.3420157
-1606.583431	110.2822834
-1606.599655	110.2225464
-1606.615861	110.1628047
-1606.63205	110.1030581
-1606.648221	110.0433068
-1606.664374	109.9835508
-1606.68051	109.9237901
-1606.696628	109.8640246
-1606.712729	109.8042543
-1606.728812	109.7444794
-1606.744878	109.6846998
-1606.760927	109.6249154
-1606.776958	109.5651264
-1606.792971	109.5053327
-1606.808967	109.4455343
-1606.824946	109.3857313
-1606.840907	109.3259236
-1606.85685	109.2661113
-1606.872776	109.2062943
-1606.888685	109.1464727
-1606.904577	109.0866464
-1606.920451	109.0268156
-1606.936308	108.9669801
-1606.952147	108.9071401
-1606.967969	108.8472954
-1606.983773	108.7874462
-1606.999561	108.7275924
-1607.015331	108.667734
-1607.031083	108.6078711
-1607.046819	108.5480036
-1607.062537	108.4881316
-1607.078237	108.428255
-1607.093921	108.3683739
-1607.109587	108.3084883
-1607.125236	108.2485982
-1607.140868	108.1887035
-1607.156482	108.1288044
-1607.172079	108.0689008
-1607.18766	108.0089927
-1607.203222	107.9490802
-1607.218768	107.8891631
-1607.234296	107.8292417
-1607.249808	107.7693157
-1607.265302	107.7093854
-1607.280779	107.6494506
-1607.296239	107.5895113
-1607.311681	107.5295677
-1607.327107	107.4696197
-1607.342515	107.4096672
-1607.357907	107.3497104
-1607.373281	107.2897491
-1607.388638	107.2297835
-1607.403978	107.1698136
-1607.419301	107.1098392
-1607.434607	107.0498605
-1607.449896	106.9898775
-1607.465168	106.9298901
-1607.480423	106.8698984
-1607.495661	106.8099024
-1607.510882	106.749902
-1607.526086	106.6898974
-1607.541272	106.6298884
-1607.556442	106.5698752
-1607.571595	106.5098577
-1607.586731	106.4498359
-1607.601851	106.3898098
-1607.616953	106.3297794
-1607.632038	106.2697449
-1607.647106	106.209706
-1607.662158	106.1496629
-1607.677192	106.0896156
-1607.69221	106.0295641
-1607.707211	105.9695084
-1607.722195	105.9094484
-1607.737162	105.8493843
-1607.752112	105.7893159
-1607.767045	105.7292434
-1607.781962	105.6691667
-1607.796862	105.6090858
-1607.811745	105.5490008
-1607.826611	105.4889116
-1607.841461	105.4288182
-1607.856293	105.3687207
-1607.871109	105.3086191
-1607.885908	105.2485134
-1607.900691	105.1884035
-1607.915457	105.1282896
-1607.930206	105.0681715
-1607.944938	105.0080493
-1607.959654	104.9479231
-1607.974353	104.8877927
-1607.989035	104.8276583
-1608.003701	104.7675199
-1608.01835	104.7073773
-1608.032982	104.6472307
-1608.047598	104.5870801
-1608.062197	104.5269255
-1608.076779	104.4667668
-1608.091345	104.4066041
-1608.105894	104.3464374
-1608.120427	104.2862666
-1608.134943	104.2260919
-1608.149443	104.1659132
-1608.163926	104.1057305
-1608.178393	104.0455438
-1608.192843	103.9853532
-1608.207276	103.9251586
-1608.221693	103.86496
-1608.236094	103.8047575
-1608.250478	103.744551
-1608.264845	103.6843406
-1608.279196	103.6241263
-1608.293531	103.5639081
-1608.307849	103.503686
-1608.322151	103.4434599
-1608.336436	103.38323
-1608.350705	103.3229961
-1608.364957	103.2627584
-1608.379194	103.2025168
-1608.393413	103.1422714
-1608.407617	103.0820221
-1608.421804	103.0217689
-1608.435974	102.9615119
-1608.450129	102.901251
-1608.464267	102.8409863
-1608.478388	102.7807178
-1608.492494	102.7204455
-1608.506583	102.6601693
-1608.520656	102.5998894
-1608.534712	102.5396056
-1608.548753	102.4793181
-1608.562777	102.4190268
-1608.576784	102.3587317
-1608.590776	102.2984328
-1608.604751	102.2381302
-1608.61871	102.1778238
-1608.632653	102.1175137
-1608.64658	102.0571998
-1608.660491	101.9968822
-1608.674385	101.9365609
-1608.688263	101.8762359
-1608.702125	101.8159071
-1608.715971	101.7555746
-1608.729801	101.6952385
-1608.743615	101.6348986
-1608.757413	101.5745551
-1608.771194	101.5142079
-1608.784959	101.453857
-1608.798709	101.3935024
-1608.812442	101.3331442
-1608.826159	101.2727824
-1608.839861	101.2124169
-1608.853546	101.1520477
-1608.867215	101.091675
-1608.880868	101.0312986
-1608.894505	100.9709186
-1608.908126	100.9105349
-1608.921731	100.8501477
-1608.935321	100.7897569
-1608.948894	100.7293625
-1608.962451	100.6689645
-1608.975993	100.608563
-1608.989518	100.5481579
-1609.003027	100.4877492
-1609.016521	100.4273369
-1609.029999	100.3669211
-1609.043461	100.3065018
-1609.056907	100.2460789
-1609.070337	100.1856525
-1609.083751	100.1252226
-1609.097149	100.0647892
-1609.110532	100.0043523
-1609.123899	99.94391183
-1609.13725	99.8834679
-1609.150585	99.82302049
-1609.163904	99.76256959
-1609.177208	99.70211521
-1609.190496	99.64165737
-1609.203768	99.58119607
-1609.217024	99.52073131
-1609.230264	99.46026311
-1609.243489	99.39979147
-1609.256698	99.33931639
-1609.269892	99.27883788
-1609.28307	99.21835595
-1609.296232	99.15787061
-1609.309378	99.09738185
-1609.322509	99.0368897
-1609.335624	98.97639415
-1609.348723	98.91589521
-1609.361807	98.85539289
-1609.374875	98.7948872
-1609.387928	98.73437813
-1609.400965	98.67386571
-1609.413986	98.61334992
-1609.426992	98.55283079
-1609.439982	98.49230831
-1609.452957	98.4317825
-1609.465916	98.37125336
-1609.47886	98.31072089
-1609.491788	98.2501851
-1609.5047	98.18964601
-1609.517597	98.12910361
-1609.530479	98.06855791
-1609.543345	98.00800892
-1609.556196	97.94745664
-1609.569031	97.88690109
-1609.581851	97.82634226
-1609.594655	97.76578016
-1609.607444	97.70521481
-1609.620217	97.6446462
-1609.632975	97.58407434
-1609.645718	97.52349925
-1609.658445	97.46292092
-1609.671157	97.40233935
-1609.683853	97.34175457
-1609.696534	97.28116657
-1609.7092	97.22057536
-1609.721851	97.15998095
-1609.734486	97.09938334
-1609.747105	97.03878254
-1609.75971	96.97817856
-1609.772299	96.9175714
-1609.784873	96.85696106
-1609.797432	96.79634756
-1609.809975	96.7357309
-1609.822503	96.67511108
-1609.835016	96.61448812
-1609.847514	96.55386201
-1609.859996	96.49323277
-1609.872464	96.4326004
-1609.884916	96.37196491
-1609.897353	96.3113263
-1609.909774	96.25068458
-1609.922181	96.19003976
-1609.934572	96.12939184
-1609.946948	96.06874082
-1609.959309	96.00808672
-1609.971655	95.94742954
-1609.983986	95.88676928
-1609.996302	95.82610596
-1610.008603	95.76543957
-1610.020888	95.70477013
-1610.033159	95.64409764
-1610.045414	95.5834221
-1610.057655	95.52274353
-1610.06988	95.46206192
-1610.08209	95.40137729
-1610.094286	95.34068963
-1610.106466	95.27999897
-1610.118631	95.21930529
-1610.130781	95.15860861
-1610.142917	95.09790894
-1610.155037	95.03720627
-1610.167142	94.97650063
-1610.179233	94.915792
-1610.191308	94.8550804
-1610.203369	94.79436583
-1610.215415	94.73364831
-1610.227445	94.67292782
-1610.239461	94.61220439
-1610.251462	94.55147802
-1610.263449	94.49074871
-1610.27542	94.43001646
-1610.287376	94.36928129
-1610.299318	94.3085432
-1610.311244	94.2478022
-1610.323156	94.18705829
-1610.335053	94.12631147
-1610.346936	94.06556176
-1610.358803	94.00480916
-1610.370656	93.94405367
-1610.382494	93.88329531
-1610.394317	93.82253407
-1610.406126	93.76176996
-1610.417919	93.70100299
-1610.429698	93.64023316
-1610.441463	93.57946049
-1610.453212	93.51868496
-1610.464947	93.4579066
-1610.476667	93.39712541
-1610.488373	93.33634138
-1610.500064	93.27555454
-1610.51174	93.21476487
-1610.523401	93.1539724
-1610.535048	93.09317712
-1610.546681	93.03237904
-1610.558298	92.97157817
-1610.569901	92.91077451
-1610.58149	92.84996806
-1610.593064	92.78915884
-1610.604623	92.72834685
-1610.616168	92.66753209
-1610.627698	92.60671457
-1610.639214	92.54589429
-1610.650715	92.48507127
-1610.662201	92.4242455
-1610.673674	92.36341699
-1610.685131	92.30258575
-1610.696574	92.24175178
-1610.708003	92.18091509
-1610.719417	92.12007569
-1610.730817	92.05923357
-1610.742202	91.99838875
-1610.753573	91.93754123
-1610.764929	91.87669101
-1610.776271	91.8158381
-1610.787599	91.75498251
-1610.798912	91.69412424
-1610.810211	91.6332633
-1610.821495	91.5723997
-1610.832765	91.51153343
-1610.844021	91.4506645
-1610.855262	91.38979292
-1610.866489	91.3289187
-1610.877702	91.26804183
-1610.8889	91.20716233
-1610.900084	91.1462802
-1610.911254	91.08539545
-1610.922409	91.02450808
-1610.933551	90.96361809
-1610.944678	90.9027255
-1610.95579	90.8418303
-1610.966889	90.7809325
-1610.977973	90.72003211
-1610.989043	90.65912914
-1611.000099	90.59822358
-1611.01114	90.53731544
-1611.022167	90.47640474
-1611.033181	90.41549147
-1611.04418	90.35457563
-1611.055164	90.29365724
-1611.066135	90.2327363
-1611.077092	90.17181282
-1611.088034	90.11088679
-1611.098962	90.04995823
-1611.109876	89.98902714
-1611.120776	89.92809353
-1611.131662	89.86715739
-1611.142534	89.80621875
-1611.153392	89.74527759
-1611.164236	89.68433393
-1611.175065	89.62338777
-1611.185881	89.56243911
-1611.196683	89.50148797
-1611.20747	89.44053434
-1611.218244	89.37957824
-1611.229003	89.31861966
-1611.239749	89.25765861
-1611.250481	89.1966951
-1611.261198	89.13572913
-1611.271902	89.07476071
-1611.282592	89.01378984
-1611.293267	88.95281653
-1611.303929	88.89184078
-1611.314577	88.83086259
-1611.325211	88.76988198
-1611.335831	88.70889895
-1611.346437	88.6479135
-1611.35703	88.58692563
-1611.367608	88.52593536
-1611.378173	88.46494268
-1611.388723	88.4039476
-1611.39926	88.34295014
-1611.409783	88.28195028
-1611.420376	88.2204598
-1611.43087	88.15946381
-1611.44135	88.09846546
-1611.451816	88.03746475
-1611.462269	87.97646167
-1611.472707	87.91545625
-1611.483132	87.85444847
-1611.493543	87.79343835
-1611.503941	87.73242589
-1611.514324	87.6714111
-1611.524694	87.61039397
-1611.53505	87.54937452
-1611.545393	87.48835275
-1611.555722	87.42732866
-1611.566037	87.36630226
-1611.576338	87.30527355
-1611.586626	87.24424254
-1611.5969	87.18320923
-1611.607161	87.12217362
-1611.617408	87.06113573
-1611.627641	87.00009555
-1611.63786	86.93905309
-1611.648066	86.87800836
-1611.658259	86.81696135
-1611.668438	86.75591207
-1611.678603	86.69486054
-1611.688754	86.63380674
-1611.698893	86.57275069
-1611.709017	86.51169239
-1611.719128	86.45063184
-1611.729226	86.38956906
-1611.73931	86.32850403
-1611.74938	86.26743678
-1611.759437	86.20636729
-1611.76948	86.14529558
-1611.77951	86.08422165
-1611.789527	86.02314551
-1611.79953	85.96206716
-1611.80952	85.9009866
-1611.819496	85.83990383
-1611.829458	85.77881887
-1611.839408	85.71773172
-1611.849344	85.65664238
-1611.859266	85.59555085
-1611.869175	85.53445714
-1611.879071	85.47336125
-1611.888953	85.41226319
-1611.898822	85.35116296
-1611.908678	85.29006057
-1611.91852	85.22895602
-1611.928349	85.16784931
-1611.938165	85.10674045
-1611.947967	85.04562945
-1611.957756	84.9845163
-1611.967531	84.92340101
-1611.977294	84.86228359
-1611.987043	84.80116404
-1611.996779	84.74004236
-1612.006501	84.67891856
-1612.01621	84.61779264
-1612.025907	84.5566646
-1612.035589	84.49553446
-1612.045259	84.43440221
-1612.054915	84.37326786
-1612.064558	84.31213142
-1612.074188	84.25099288
-1612.083805	84.18985225
-1612.093409	84.12870953
-1612.102999	84.06756474
-1612.112576	84.00641786
-1612.122141	83.94526892
-1612.131692	83.8841179
-1612.141229	83.82296483
-1612.150754	83.76180969
-1612.160266	83.70065249
-1612.169764	83.63949324
-1612.17925	83.57833195
-1612.188722	83.5171686
-1612.198181	83.45600322
-1612.207627	83.3948358
-1612.21706	83.33366635
-1612.22648	83.27249488
-1612.235887	83.21132137
-1612.245281	83.15014585
-1612.254662	83.08896831
-1612.26403	83.02778876
-1612.273385	82.9666072
-1612.282727	82.90542363
-1612.292056	82.84423807
-1612.301372	82.7830505
-1612.310675	82.72186095
-1612.319965	82.66066941
-1612.329242	82.59947588
-1612.338506	82.53828037
-1612.347758	82.47708288
-1612.356996	82.41588343
-1612.366221	82.354682
-1612.375434	82.29347861
-1612.384633	82.23227325
-1612.39382	82.17106594
-1612.402994	82.10985668
-1612.412155	82.04864546
-1612.421303	81.9874323
-1612.430438	81.9262172
-1612.43956	81.86500016
-1612.44867	81.80378119
-1612.457767	81.74256028
-1612.46685	81.68133745
-1612.475922	81.6201127
-1612.48498	81.55888603
-1612.494025	81.49765744
-1612.503058	81.43642694
-1612.512078	81.37519454
-1612.521085	81.31396023
-1612.53008	81.25272402
-1612.539061	81.19148591
-1612.54803	81.13024592
-1612.556986	81.06900403
-1612.566003	81.0072625
-1612.574934	80.94600941
-1612.583853	80.88475448
-1612.59276	80.82349769
-1612.601653	80.76223907
-1612.610534	80.7009786
-1612.619403	80.6397163
-1612.628258	80.57845216
-1612.637101	80.5171862
-1612.645932	80.45591841
-1612.654749	80.3946488
-1612.663554	80.33337738
-1612.672347	80.27210414
-1612.681127	80.21082909
-1612.689894	80.14955224
-1612.698648	80.08827359
-1612.70739	80.02699314
-1612.71612	79.96571089
-1612.724837	79.90442686
-1612.733541	79.84314104
-1612.742233	79.78185344
-1612.750912	79.72056407
-1612.759579	79.65927291
-1612.768233	79.59797999
-1612.776874	79.5366853
-1612.785504	79.47538885
-1612.79412	79.41409064
-1612.802724	79.35279068
-1612.811316	79.29148896
-1612.819895	79.2301855
-1612.828462	79.16888029
-1612.837016	79.10757334
-1612.845558	79.04626466
-1612.854087	78.98495424
-1612.862604	78.9236421
-1612.871108	78.86232823
-1612.8796	78.80101264
-1612.88808	78.73969533
-1612.896547	78.67837631
-1612.905002	78.61705558
-1612.913445	78.55573314
-1612.921875	78.494409
-1612.930292	78.43308316
-1612.938698	78.37175562
-1612.947091	78.31042639
-1612.955471	78.24909548
-1612.96384	78.18776288
-1612.972196	78.1264286
-1612.980539	78.06509264
-1612.988871	78.00375501
-1612.99719	77.94241571
-1613.005497	77.88107474
-1613.013791	77.81973211
-1613.022073	77.75838783
-1613.030343	77.69704188
-1613.038601	77.63569429
-1613.046846	77.57434505
-1613.055079	77.51299416
-1613.0633	77.45164163
-1613.071509	77.39028747
-1613.079706	77.32893167
-1613.08789	77.26757424
-1613.096062	77.20621518
-1613.104222	77.1448545
-1613.11237	77.08349221
-1613.120505	77.02212829
-1613.128628	76.96076277
-1613.13674	76.89939563
-1613.144839	76.83802689
-1613.152925	76.77665655
-1613.161	76.71528461
-1613.169063	76.65391107
-1613.177113	76.59253595
-1613.185152	76.53115923
-1613.193178	76.46978094
-1613.201192	76.40840106
-1613.209194	76.3470196
-1613.217184	76.28563657
-1613.225162	76.22425197
-1613.233128	76.1628658
-1613.241082	76.10147807
-1613.249024	76.04008878
-1613.256953	75.97869793
-1613.264871	75.91730553
-1613.272777	75.85591158
-1613.28067	75.79451608
-1613.288552	75.73311904
-1613.296422	75.67172046
-1613.304279	75.61032035
-1613.312125	75.5489187
-1613.319958	75.48751552
-1613.32778	75.42611082
-1613.33559	75.36470459
-1613.343388	75.30329685
-1613.351174	75.24188759
-1613.358947	75.18047682
-1613.366709	75.11906453
-1613.374459	75.05765075
-1613.382198	74.99623546
-1613.389924	74.93481867
-1613.397638	74.87340038
-1613.405341	74.8119806
-1613.413031	74.75055934
-1613.42071	74.68913659
-1613.428377	74.62771235
-1613.436032	74.56628664
-1613.443675	74.50485945
-1613.451306	74.44343079
-1613.458925	74.38200066
-1613.466533	74.32056906
-1613.474129	74.259136
-1613.481713	74.19770148
-1613.489285	74.13626551
-1613.496845	74.07482808
-1613.504394	74.0133892
-1613.51193	73.95194888
-1613.519455	73.89050711
-1613.526969	73.8290639
-1613.53447	73.76761926
-1613.54196	73.70617319
-1613.549438	73.64472568
-1613.556904	73.58327675
-1613.564359	73.52182639
-1613.571802	73.46037461
-1613.579233	73.39892142
-1613.586652	73.33746681
-1613.59406	73.27601079
-1613.601456	73.21455336
-1613.60884	73.15309453
-1613.616213	73.09163429
-1613.623574	73.03017266
-1613.630923	72.96870963
-1613.638261	72.90724522
-1613.645587	72.84577941
-1613.652901	72.78431222
-1613.660204	72.72284364
-1613.667495	72.66137369
-1613.674775	72.59990236
-1613.682043	72.53842965
-1613.689299	72.47695558
-1613.696544	72.41548014
-1613.703777	72.35400333
-1613.710999	72.29252517
-1613.718209	72.23104565
-1613.725407	72.16956477
-1613.732594	72.10808254
-1613.73977	72.04659897
-1613.746934	71.98511405
-1613.754086	71.92362779
-1613.761227	71.86214019
-1613.768356	71.80065125
-1613.775474	71.73916098
-1613.78258	71.67766938
-1613.789675	71.61617645
-1613.796758	71.5546822
-1613.80383	71.49318663
-1613.810891	71.43168974
-1613.81794	71.37019154
-1613.824977	71.30869203
-1613.832003	71.24719121
-1613.839018	71.18568908
-1613.846021	71.12418565
-1613.853013	71.06268092
-1613.859993	71.00117489
-1613.866962	70.93966758
-1613.87392	70.87815897
-1613.880866	70.81664907
-1613.8878	70.75513789
-1613.894724	70.69362543
-1613.901636	70.63211169
-1613.908537	70.57059667
-1613.915426	70.50908038
-1613.922304	70.44756282
-1613.929171	70.386044
-1613.936026	70.32452391
-1613.94287	70.26300256
-1613.949703	70.20147995
-1613.956524	70.13995609
-1613.963334	70.07843098
-1613.970133	70.01690462
-1613.97692	69.95537701
-1613.983696	69.89384816
-1613.990461	69.83231807
-1613.997215	69.77078674
-1614.003957	69.70925418
-1614.010689	69.64772038
-1614.017409	69.58618536
-1614.024117	69.52464911
-1614.030815	69.46311164
-1614.037501	69.40157295
-1614.044176	69.34003305
-1614.05084	69.27849193
-1614.057493	69.21694959
-1614.064134	69.15540605
-1614.070764	69.09386131
-1614.077383	69.03231536
-1614.083991	68.97076821
-1614.090588	68.90921987
-1614.097174	68.84767033
-1614.103748	68.7861196
-1614.110312	68.72456768
-1614.116864	68.66301457
-1614.123405	68.60146029
-1614.129935	68.53990482
-1614.136454	68.47834818
-1614.142962	68.41679036
-1614.149459	68.35523137
-1614.155944	68.29367122
-1614.162419	68.23210989
-1614.168882	68.17054741
-1614.175335	68.10898376
-1614.181776	68.04741896
-1614.188206	67.985853
-1614.194626	67.92428589
-1614.201034	67.86271763
-1614.207431	67.80114823
-1614.213818	67.73957768
-1614.220193	67.67800599
-1614.226557	67.61643316
-1614.23291	67.5548592
-1614.239253	67.4932841
-1614.245584	67.43170788
-1614.251904	67.37013053
-1614.258214	67.30855205
-1614.264512	67.24697246
-1614.270799	67.18539174
-1614.277076	67.12380991
-1614.283341	67.06222697
-1614.289596	67.00064291
-1614.29584	66.93905775
-1614.302073	66.87747148
-1614.308295	66.81588411
-1614.314506	66.75429564
-1614.320706	66.69270608
-1614.326895	66.63111542
-1614.333073	66.56952367
-1614.339241	66.50793083
-1614.345398	66.4463369
-1614.351544	66.38474189
-1614.357679	66.3231458
-1614.363803	66.26154863
-1614.369916	66.19995038
-1614.376019	66.13835107
-1614.38211	66.07675068
-1614.388191	66.01514923
-1614.394261	65.95354671
-1614.400321	65.89194312
-1614.406369	65.83033848
-1614.412407	65.76873279
-1614.418434	65.70712603
-1614.42445	65.64551823
-1614.430456	65.58390938
-1614.43645	65.52229948
-1614.442434	65.46068854
-1614.448408	65.39907656
-1614.45437	65.33746353
-1614.460322	65.27584948
-1614.466263	65.21423439
-1614.472194	65.15261827
-1614.478113	65.09100112
-1614.484022	65.02938295
-1614.489921	64.96776375
-1614.495809	64.90614353
-1614.501686	64.8445223
-1614.507552	64.78290005
-1614.513408	64.72127679
-1614.519253	64.65965252
-1614.525087	64.59802724
-1614.530911	64.53640096
-1614.536725	64.47477367
-1614.542527	64.41314539
-1614.548319	64.35151611
-1614.554101	64.28988583
-1614.559872	64.22825456
-1614.565632	64.16662231
-1614.571382	64.10498906
-1614.577121	64.04335484
-1614.58285	63.98171963
-1614.588568	63.92008344
-1614.594276	63.85844628
-1614.599973	63.79680814
-1614.605659	63.73516903
-1614.611335	63.67352895
-1614.617001	63.6118879
-1614.622656	63.5502459
-1614.6283	63.48860292
-1614.633934	63.426959
-1614.639558	63.36531411
-1614.645171	63.30366827
-1614.650774	63.24202148
-1614.656366	63.18037374
-1614.661948	63.11872506
-1614.667519	63.05707543
-1614.67308	62.99542485
-1614.67863	62.93377334
-1614.68417	62.8721209
-1614.6897	62.81046752
-1614.695219	62.74881321
-1614.700728	62.68715797
-1614.706227	62.6255018
-1614.711715	62.56384471
-1614.717193	62.5021867
-1614.72266	62.44052776
-1614.728117	62.37886792
-1614.733564	62.31720715
-1614.739	62.25554548
-1614.744426	62.1938829
-1614.749842	62.1322194
-1614.755248	62.07055501
-1614.760643	62.00888971
-1614.766028	61.94722352
-1614.771402	61.88555642
-1614.776766	61.82388843
-1614.78212	61.76221955
-1614.787464	61.70054978
-1614.792798	61.63887913
-1614.798121	61.57720758
-1614.803434	61.51553516
-1614.808737	61.45386185
-1614.81403	61.39218767
-1614.819312	61.33051261
-1614.824584	61.26883668
-1614.829846	61.20715987
-1614.835098	61.1454822
-1614.840339	61.08380367
-1614.845571	61.02212427
-1614.850792	60.96044401
-1614.856003	60.89876289
-1614.861204	60.83708091
-1614.866395	60.77539808
-1614.871576	60.7137144
-1614.876747	60.65202987
-1614.881907	60.59034449
-1614.887057	60.52865827
-1614.892198	60.4669712
-1614.897328	60.4052833
-1614.902448	60.34359455
-1614.907558	60.28190498
-1614.912658	60.22021457
-1614.917748	60.15852333
-1614.922828	60.09683126
-1614.927898	60.03513837
-1614.932958	59.97344465
-1614.938007	59.91175011
-1614.943047	59.85005475
-1614.948077	59.78835858
-1614.953097	59.72666159
-1614.958107	59.66496379
-1614.963106	59.60326518
-1614.968096	59.54156577
-1614.973076	59.47986555
-1614.978046	59.41816452
-1614.983006	59.3564627
-1614.987956	59.29476008
-1614.992896	59.23305666
-1614.997826	59.17135245
-1615.002747	59.10964745
-1615.007657	59.04794166
-1615.012558	58.98623508
-1615.017448	58.92452772
-1615.022329	58.86281957
-1615.0272	58.80111065
-1615.032061	58.73940095
-1615.036912	58.67769048
-1615.041753	58.61597923
-1615.046585	58.55426721
-1615.051406	58.49255442
-1615.056218	58.43084087
-1615.06102	58.36912655
-1615.065813	58.30741147
-1615.070595	58.24569563
-1615.075368	58.18397904
-1615.080131	58.12226169
-1615.084884	58.06054358
-1615.089627	57.99882473
-1615.094361	57.93710513
-1615.099085	57.87538478
-1615.103799	57.81366369
-1615.108503	57.75194186
-1615.113198	57.69021928
-1615.117883	57.62849597
-1615.122558	57.56677193
-1615.127224	57.50504715
-1615.13188	57.44332165
-1615.136526	57.38159541
-1615.141163	57.31986845
-1615.14579	57.25814077
-1615.150407	57.19641236
-1615.155015	57.13468323
-1615.159613	57.07295339
-1615.164202	57.01122283
-1615.168781	56.94949156
-1615.17335	56.88775958
-1615.17791	56.82602689
-1615.18246	56.76429349
-1615.187001	56.70255939
-1615.191532	56.64082459
-1615.196053	56.57908909
-1615.200565	56.51735289
-1615.205068	56.45561599
-1615.209561	56.3938784
-1615.214044	56.33214012
-1615.218518	56.27040115
-1615.222983	56.2086615
-1615.227438	56.14692116
-1615.231883	56.08518013
-1615.236319	56.02343843
-1615.240746	55.96169605
-1615.245163	55.89995299
-1615.249571	55.83820926
-1615.253969	55.77646485
-1615.258358	55.71471978
-1615.262737	55.65297404
-1615.267108	55.59122763
-1615.271468	55.52948056
-1615.27582	55.46773283
-1615.280162	55.40598444
-1615.284494	55.34423539
-1615.288817	55.28248569
-1615.293131	55.22073533
-1615.297436	55.15898433
-1615.301731	55.09723267
-1615.306017	55.03548037
-1615.310294	54.97372742
-1615.314561	54.91197384
-1615.31882	54.85021961
-1615.323068	54.78846474
-1615.327308	54.72670924
-1615.331538	54.6649531
-1615.33576	54.60319633
-1615.339972	54.54143893
-1615.34414	54.48017719
-1615.348334	54.41841345
-1615.352519	54.3566491
-1615.356695	54.29488413
-1615.360861	54.23311854
-1615.365018	54.17135235
-1615.369166	54.10958555
-1615.373305	54.04781814
-1615.377435	53.98605013
-1615.381555	53.92428152
-1615.385667	53.8625123
-1615.389769	53.80074249
-1615.393863	53.73897209
-1615.397947	53.67720109
-1615.402022	53.61542951
-1615.406088	53.55365733
-1615.410145	53.49188457
-1615.414193	53.43011123
-1615.418232	53.36833731
-1615.422262	53.30656281
-1615.426283	53.24478773
-1615.430295	53.18301208
-1615.434298	53.12123585
-1615.438292	53.05945906
-1615.442277	52.9976817
-1615.446253	52.93590377
-1615.45022	52.87412528
-1615.454178	52.81234623
-1615.458127	52.75056662
-1615.462067	52.68878646
-1615.465999	52.62700574
-1615.469921	52.56522447
-1615.473835	52.50344265
-1615.47774	52.44166028
-1615.481635	52.37987737
-1615.485522	52.31809392
-1615.489401	52.25630992
-1615.49327	52.19452539
-1615.497131	52.13274032
-1615.500982	52.07095471
-1615.504825	52.00916858
-1615.508659	51.94738191
-1615.512485	51.88559472
-1615.516301	51.823807
-1615.520109	51.76201876
-1615.523908	51.70023
-1615.527699	51.63844072
-1615.531481	51.57665092
-1615.535254	51.51486061
-1615.539018	51.45306978
-1615.542773	51.39127845
-1615.54652	51.32948661
-1615.550259	51.26769426
-1615.553988	51.2059014
-1615.557709	51.14410805
-1615.561422	51.08231419
-1615.565125	51.02051984
-1615.568821	50.958725
-1615.572507	50.89692966
-1615.576185	50.83513382
-1615.579855	50.7733375
-1615.583516	50.7115407
-1615.587168	50.6497434
-1615.590812	50.58794563
-1615.594447	50.52614737
-1615.598074	50.46434864
-1615.601692	50.40254943
-1615.605302	50.34074974
-1615.608903	50.27894958
-1615.612496	50.21714895
-1615.61608	50.15534786
-1615.619656	50.09354629
-1615.623224	50.03174427
-1615.626783	49.96994178
-1615.630334	49.90813883
-1615.633876	49.84633542
-1615.63741	49.78453155
-1615.640936	49.72272724
-1615.644453	49.66092246
-1615.647962	49.59911724
-1615.651463	49.53731157
-1615.654955	49.47550546
-1615.658439	49.4136989
-1615.661915	49.3518919
-1615.665382	49.29008446
-1615.668842	49.22827658
-1615.672293	49.16646826
-1615.675735	49.10465951
-1615.67917	49.04285032
-1615.682596	48.98104071
-1615.686014	48.91923067
-1615.689424	48.8574202
-1615.692826	48.79560931
-1615.696219	48.73379799
-1615.699605	48.67198625
-1615.702982	48.6101741
-1615.706351	48.54836152
-1615.709712	48.48654853
-1615.713065	48.42473513
-1615.71641	48.36292132
-1615.719747	48.3011071
-1615.723076	48.23929247
-1615.726396	48.17747744
-1615.729709	48.115662
-1615.733014	48.05384616
-1615.73631	47.99202992
-1615.739599	47.93021328
-1615.74288	47.86839624
-1615.746152	47.80657881
-1615.749417	47.74476099
-1615.752674	47.68294278
-1615.755923	47.62112418
-1615.759164	47.55930519
-1615.762397	47.49748581
-1615.765622	47.43566605
-1615.768839	47.37384591
-1615.772049	47.3120254
-1615.775251	47.2502045
-1615.778444	47.18838322
-1615.781631	47.12656157
-1615.784809	47.06473955
-1615.787979	47.00291716
-1615.791142	46.9410944
-1615.794297	46.87927127
-1615.797444	46.81744777
-1615.800583	46.75562392
-1615.803715	46.69379969
-1615.806839	46.63197511
-1615.809955	46.57015017
-1615.813064	46.50832487
-1615.816165	46.44649922
-1615.819258	46.38467321
-1615.822344	46.32284685
-1615.825422	46.26102014
-1615.828493	46.19919309
-1615.831556	46.13736568
-1615.834611	46.07553793
-1615.837659	46.01370984
-1615.840699	45.9518814
-1615.843732	45.89005263
-1615.846757	45.82822351
-1615.849774	45.76639406
-1615.852785	45.70456427
-1615.855787	45.64273415
-1615.858783	45.5809037
-1615.86177	45.51907292
-1615.864751	45.4572418
-1615.867724	45.39541036
-1615.870689	45.3335786
-1615.873648	45.27174651
-1615.876598	45.2099141
-1615.879542	45.14808137
-1615.882478	45.08624831
-1615.885407	45.02441495
-1615.888328	44.96258126
-1615.891243	44.90074726
-1615.89415	44.83891295
-1615.897049	44.77707832
-1615.899942	44.71524339
-1615.902827	44.65340814
-1615.905705	44.59157259
-1615.908576	44.52973674
-1615.911439	44.46790058
-1615.914296	44.40606412
-1615.917145	44.34422735
-1615.919987	44.28239029
-1615.922822	44.22055293
-1615.92565	44.15871528
-1615.928471	44.09687732
-1615.931285	44.03503908
-1615.934092	43.97320054
-1615.936891	43.91136171
-1615.939684	43.8495226
-1615.942469	43.78768319
-1615.945248	43.7258435
-1615.94802	43.66400353
-1615.950784	43.60216327
-1615.953542	43.54032273
-1615.956293	43.47848191
-1615.959037	43.41664081
-1615.961774	43.35479943
-1615.964504	43.29295778
-1615.967227	43.23111585
-1615.969944	43.16927364
-1615.972653	43.10743117
-1615.975356	43.04558842
-1615.978052	42.98374541
-1615.980741	42.92190212
-1615.983423	42.86005857
-1615.986099	42.79821476
-1615.988768	42.73637068
-1615.99143	42.67452633
-1615.994086	42.61268173
-1615.996734	42.55083686
-1615.999376	42.48899174
-1616.002012	42.42714636
-1616.004641	42.36530072
-1616.007263	42.30345483
-1616.009879	42.24160869
-1616.012488	42.17976229
-1616.01509	42.11791564
-1616.017686	42.05606874
-1616.020276	41.99422159
-1616.022858	41.9323742
-1616.025435	41.87052656
-1616.028005	41.80867867
-1616.030568	41.74683054
-1616.033125	41.68498217
-1616.035676	41.62313356
-1616.03822	41.5612847
-1616.040758	41.49943561
-1616.043289	41.43758628
-1616.045814	41.37573672
-1616.048333	41.31388692
-1616.050845	41.25203688
-1616.053351	41.19018662
-1616.055851	41.12833612
-1616.058345	41.06648539
-1616.060832	41.00463443
-1616.063313	40.94278325
-1616.065788	40.88093183
-1616.068256	40.81908019
-1616.070719	40.75722833
-1616.073175	40.69537624
-1616.075625	40.63352393
-1616.078069	40.5716714
-1616.080507	40.50981865
-1616.082939	40.44796568
-1616.085364	40.3861125
-1616.087784	40.32425909
-1616.090198	40.26240547
-1616.092605	40.20055164
-1616.095007	40.13869759
-1616.097403	40.07684333
-1616.099792	40.01498886
-1616.102176	39.95313418
-1616.104554	39.89127928
-1616.106926	39.82942419
-1616.109292	39.76756888
-1616.111652	39.70571337
-1616.114006	39.64385765
-1616.116355	39.58200173
-1616.118697	39.5201456
-1616.121034	39.45828928
-1616.123365	39.39643275
-1616.125691	39.33457602
-1616.12801	39.2727191
-1616.130324	39.21086197
-1616.132632	39.14900465
-1616.134935	39.08714714
-1616.137232	39.02528943
-1616.139523	38.96343152
-1616.141809	38.90157342
-1616.144089	38.83971513
-1616.146363	38.77785665
-1616.148632	38.71599798
-1616.150895	38.65413912
-1616.153153	38.59228007
-1616.155405	38.53042084
-1616.157652	38.46856142
-1616.159893	38.40670181
-1616.162129	38.34484202
-1616.164359	38.28298205
-1616.166584	38.22112189
-1616.168804	38.15926155
-1616.171018	38.09740104
-1616.173227	38.03554034
-1616.175431	37.97367946
-1616.177629	37.91181841
-1616.179822	37.84995718
-1616.18201	37.78809577
-1616.184192	37.72623419
-1616.186369	37.66437243
-1616.188541	37.6025105
-1616.190708	37.5406484
-1616.19287	37.47878613
-1616.195027	37.41692369
-1616.197178	37.35506107
-1616.199324	37.29319829
-1616.201465	37.23133534
-1616.203602	37.16947222
-1616.205733	37.10760894
-1616.207859	37.04574549
-1616.20998	36.98388188
-1616.212096	36.9220181
-1616.214207	36.86015416
-1616.216313	36.79829006
-1616.218414	36.73642579
-1616.220511	36.67456137
-1616.222602	36.61269679
-1616.224689	36.55083204
-1616.22677	36.48896714
-1616.228847	36.42710209
-1616.230919	36.36523687
-1616.232987	36.30337151
-1616.235049	36.24150598
-1616.237107	36.17964031
-1616.23916	36.11777448
-1616.241209	36.0559085
-1616.243252	35.99404236
-1616.245291	35.93217608
-1616.247326	35.87030965
-1616.249356	35.80844306
-1616.251381	35.74657633
-1616.253402	35.68470946
-1616.255418	35.62284243
-1616.257429	35.56097526
-1616.259436	35.49910795
-1616.261439	35.43724049
-1616.263437	35.37537289
-1616.265431	35.31350514
-1616.26742	35.25163725
-1616.269405	35.18976923
-1616.271386	35.12790106
-1616.273362	35.06603275
-1616.275334	35.0041643
-1616.277301	34.94229572
-1616.279264	34.880427
-1616.281223	34.81855814
-1616.283178	34.75668915
-1616.285129	34.69482002
-1616.287075	34.63295076
-1616.289017	34.57108136
-1616.290955	34.50921183
-1616.292889	34.44734217
-1616.294818	34.38547238
-1616.296744	34.32360246
-1616.298666	34.26173241
-1616.300583	34.19986223
-1616.302496	34.13799192
-1616.304406	34.07612148
-1616.306311	34.01425092
-1616.308213	33.95238023
-1616.31011	33.89050942
-1616.312004	33.82863848
-1616.313894	33.76676742
-1616.31578	33.70489623
-1616.317662	33.64302493
-1616.31954	33.5811535
-1616.321414	33.51928195
-1616.323285	33.45741028
-1616.325152	33.3955385
-1616.327015	33.33366659
-1616.328874	33.27179457
-1616.33073	33.20992243
-1616.332582	33.14805017
-1616.33443	33.0861778
-1616.336275	33.02430531
-1616.338116	32.96243271
-1616.339954	32.90056
-1616.341788	32.83868717
-1616.343618	32.77681423
-1616.345445	32.71494118
-1616.347269	32.65306803
-1616.349089	32.59119476
-1616.350905	32.52932138
-1616.352719	32.46744789
-1616.354528	32.4055743
-1616.356335	32.3437006
-1616.358138	32.2818268
-1616.359937	32.21995289
-1616.361734	32.15807887
-1616.363527	32.09620475
-1616.365317	32.03433053
-1616.367103	31.97245621
-1616.368887	31.91058178
-1616.370667	31.84870726
-1616.372444	31.78683264
-1616.374218	31.72495791
-1616.375989	31.66308309
-1616.377756	31.60120817
-1616.379521	31.53933315
-1616.381282	31.47745804
-1616.383041	31.41558283
-1616.384796	31.35370753
-1616.386549	31.29183213
-1616.388298	31.22995664
-1616.390045	31.16808106
-1616.391789	31.10620539
-1616.39353	31.04432962
-1616.395268	30.98245377
-1616.397003	30.92057782
-1616.398735	30.85870179
-1616.400464	30.79682567
-1616.402191	30.73494947
-1616.403915	30.67307317
-1616.405636	30.61119679
-1616.407355	30.54932033
-1616.409071	30.48744378
-1616.410784	30.42556715
-1616.412495	30.36369044
-1616.414203	30.30181364
-1616.415908	30.23993677
-1616.417611	30.17805981
-1616.419311	30.11618278
-1616.421009	30.05430566
-1616.422704	29.99242847
-1616.424397	29.9305512
-1616.426088	29.86867386
-1616.427776	29.80679644
-1616.429461	29.74491895
-1616.431144	29.68304138
-1616.432825	29.62116374
-1616.434504	29.55928602
-1616.43618	29.49740824
-1616.437854	29.43553038
-1616.439526	29.37365245
-1616.441195	29.31177446
-1616.442863	29.24989639
-1616.444528	29.18801826
-1616.446191	29.12614007
-1616.447852	29.0642618
-1616.44951	29.00238347
-1616.451167	28.94050508
-1616.452822	28.87862662
-1616.454474	28.8167481
-1616.456125	28.75486952
-1616.457773	28.69299088
-1616.45942	28.63111217
-1616.461065	28.56923341
-1616.462707	28.50735459
-1616.464348	28.44547571
-1616.465987	28.38359677
-1616.467624	28.32171778
-1616.46926	28.25983873
-1616.470893	28.19795962
-1616.472525	28.13608047
-1616.474155	28.07420125
-1616.475783	28.01232199
-1616.47741	27.95044268
-1616.479035	27.88856331
-1616.480658	27.8266839
-1616.48228	27.76480443
-1616.4839	27.70292492
-1616.485518	27.64104536
-1616.487135	27.57916575
-1616.488751	27.5172861
-1616.490364	27.4554064
-1616.491977	27.39352665
-1616.493588	27.33164687
-1616.495197	27.26976704
-1616.496805	27.20788717
-1616.498412	27.14600726
-1616.500017	27.08412731
-1616.501622	27.02224731
-1616.503224	26.96036728
-1616.504826	26.89848722
-1616.506426	26.83660711
-1616.508025	26.77472697
-1616.509622	26.71284679
-1616.511219	26.65096658
-1616.512814	26.58908634
-1616.514409	26.52720606
-1616.516002	26.46532575
-1616.517594	26.40344541
-1616.519185	26.34156503
-1616.520774	26.27968463
-1616.522363	26.2178042
-1616.523951	26.15592374
-1616.525538	26.09404325
-1616.527124	26.03216273
-1616.528709	25.97028219
-1616.530293	25.90840163
-1616.531876	25.84652104
-1616.533459	25.78464042
-1616.53504	25.72275979
-1616.536621	25.66087913
-1616.538201	25.59899844
-1616.53978	25.53711774
-1616.541359	25.47523702
-1616.542937	25.41335628
-1616.544514	25.35147552
-1616.54609	25.28959474
-1616.547666	25.22771395
-1616.549241	25.16583314
-1616.550816	25.10395231
-1616.55239	25.04207147
-1616.553964	24.98019061
-1616.555537	24.91830975
-1616.557109	24.85642886
-1616.558681	24.79454797
-1616.560253	24.73266706
-1616.561836	24.67032209
-1616.563403	24.60857141
-1616.564971	24.54679947
-1616.566539	24.48500616
-1616.568107	24.42319138
-1616.569675	24.36135505
-1616.571244	24.29949707
-1616.572813	24.23761949
-1616.574382	24.17573851
-1616.575951	24.11385754
-1616.577519	24.05197656
-1616.579088	23.99009559
-1616.580657	23.92821461
-1616.582226	23.86633364
-1616.583795	23.80445267
-1616.585364	23.74257169
-1616.586933	23.68069072
-1616.588502	23.61880974
-1616.590071	23.55692877
-1616.59164	23.49504779
-1616.593209	23.43316682
-1616.594778	23.37128585
-1616.596347	23.30940487
-1616.597916	23.2475239
-1616.599485	23.18564292
-1616.601053	23.12376195
-1616.602622	23.06188097
-1616.604	23