0.00    200
0.32    200
3.27    199.82
5.36    199.65
7.06    199.47
8.54    199.3
9.86    199.12
11.06    198.94
12.17    198.77
13.21    198.59
14.19    198.42
15.12    198.24
16.01    198.07
16.85    197.89
17.66    197.72
18.44    197.54
19.20    197.37
19.93    197.19
20.63    197.01
21.32    196.84
21.99    196.66
22.64    196.49
23.27    196.31
23.89    196.14
24.49    195.96
25.08    195.79
25.66    195.61
26.22    195.43
26.78    195.26
27.32    195.08
27.86    194.91
28.38    194.73
28.90    194.56
29.40    194.38
29.90    194.21
30.39    194.03
30.87    193.86
31.35    193.68
31.82    193.5
32.28    193.33
32.73    193.15
33.18    192.98
33.63    192.8
34.06    192.63
34.50    192.45
34.92    192.28
35.34    192.1
35.76    191.92
36.17    191.75
36.57    191.57
36.98    191.4
37.37    191.22
37.77    191.05
38.15    190.87
38.54    190.7
38.92    190.52
39.29    190.35
39.67    190.17
40.04    189.99
40.40    189.82
40.76    189.64
41.12    189.47
41.48    189.29
41.83    189.12
42.18    188.94
42.52    188.77
42.86    188.59
43.20    188.41
43.54    188.24
43.87    188.06
44.20    187.89
44.53    187.71
44.85    187.54
45.18    187.36
45.50    187.19
45.81    187.01
46.13    186.84
46.44    186.66
46.75    186.48
47.06    186.31
47.36    186.13
47.66    185.96
47.97    185.78
48.26    185.61
48.56    185.43
48.85    185.26
49.15    185.08
49.44    184.9
49.72    184.73
50.01    184.55
50.29    184.38
50.58    184.2
50.86    184.03
51.13    183.85
51.41    183.68
51.69    183.5
51.96    183.33
52.23    183.15
52.50    182.97
52.77    182.8
53.03    182.62
53.30    182.45
53.56    182.27
53.82    182.1
54.08    181.92
54.34    181.75
54.59    181.57
54.85    181.39
55.10    181.22
55.35    181.04
55.60    180.87
55.85    180.69
56.10    180.52
56.35    180.34
56.59    180.17
56.83    179.99
57.08    179.82
57.32    179.64
57.55    179.46
57.79    179.29
58.03    179.11
58.26    178.94
58.50    178.76
58.73    178.59
58.96    178.41
59.19    178.24
59.42    178.06
59.65    177.88
59.88    177.71
60.10    177.53
60.33    177.36
60.55    177.18
60.77    177.01
60.99    176.83
61.21    176.66
61.43    176.48
61.65    176.31
61.86    176.13
62.08    175.95
62.29    175.78
62.51    175.6
62.72    175.43
62.93    175.25
63.14    175.08
63.35    174.9
63.56    174.73
63.76    174.55
63.97    174.37
64.18    174.2
64.38    174.02
64.58    173.85
64.78    173.67
64.99    173.5
65.19    173.32
65.39    173.15
65.58    172.97
65.78    172.8
65.98    172.62
66.17    172.44
66.37    172.27
66.56    172.09
66.76    171.92
66.95    171.74
67.14    171.57
67.33    171.39
67.52    171.22
67.71    171.04
67.90    170.86
68.09    170.69
68.27    170.51
68.46    170.34
68.64    170.16
68.83    169.99
69.01    169.81
69.19    169.64
69.37    169.46
69.56    169.28
69.74    169.11
69.91    168.93
70.09    168.76
70.27    168.58
70.45    168.41
70.63    168.23
70.80    168.06
70.98    167.88
71.15    167.71
71.32    167.53
71.50    167.35
71.67    167.18
71.84    167
72.01    166.83
72.18    166.65
72.35    166.48
72.52    166.3
72.69    166.13
72.85    165.95
73.02    165.77
73.19    165.6
73.35    165.42
73.52    165.25
73.68    165.07
73.84    164.9
74.01    164.72
74.17    164.55
74.33    164.37
74.49    164.2
74.65    164.02
74.81    163.84
74.97    163.67
75.13    163.49
75.29    163.32
75.44    163.14
75.60    162.97
75.76    162.79
75.91    162.62
76.07    162.44
76.22    162.26
76.37    162.09
76.53    161.91
76.68    161.74
76.83    161.56
76.98    161.39
77.13    161.21
77.28    161.04
77.43    160.86
77.58    160.69
77.73    160.51
77.88    160.33
78.03    160.16
78.17    159.98
78.32    159.81
78.46    159.63
78.61    159.46
78.75    159.28
78.90    159.11
79.04    158.93
79.19    158.75
79.33    158.58
79.47    158.4
79.61    158.23
79.75    158.05
79.89    157.88
80.03    157.7
80.17    157.53
80.31    157.35
80.45    157.18
80.59    157
80.73    156.82
80.86    156.65
81.00    156.47
81.14    156.3
81.27    156.12
81.41    155.95
81.54    155.77
81.68    155.6
81.81    155.42
81.94    155.24
82.07    155.07
82.21    154.89
82.34    154.72
82.47    154.54
82.60    154.37
82.73    154.19
82.86    154.02
82.99    153.84
83.12    153.67
83.25    153.49
83.38    153.31
83.50    153.14
83.63    152.96
83.76    152.79
83.88    152.61
84.01    152.44
84.14    152.26
84.26    152.09
84.39    151.91
84.51    151.73
84.63    151.56
84.76    151.38
84.88    151.21
85.00    151.03
85.13    150.86
85.25    150.68
85.37    150.51
85.49    150.33
85.61    150.16
85.73    149.98
85.85    149.8
85.97    149.63
86.09    149.45
86.21    149.28
86.32    149.1
86.44    148.93
86.56    148.75
86.68    148.58
86.79    148.4
86.91    148.22
87.02    148.05
87.14    147.87
87.25    147.7
87.37    147.52
87.48    147.35
87.60    147.17
87.71    147
87.82    146.82
87.93    146.65
88.05    146.47
88.16    146.29
88.27    146.12
88.38    145.94
88.49    145.77
88.60    145.59
88.71    145.42
88.82    145.24
88.93    145.07
89.04    144.89
89.15    144.71
89.26    144.54
89.36    144.36
89.47    144.19
89.58    144.01
89.69    143.84
89.79    143.66
89.90    143.49
90.00    143.31
90.11    143.13
90.21    142.96
90.32    142.78
90.42    142.61
90.53    142.43
90.63    142.26
90.73    142.08
90.84    141.91
90.94    141.73
91.04    141.56
91.14    141.38
91.25    141.2
91.35    141.03
91.45    140.85
91.55    140.68
91.65    140.5
91.75    140.33
91.85    140.15
91.95    139.98
92.05    139.8
92.15    139.62
92.24    139.45
92.34    139.27
92.44    139.1
92.54    138.92
92.63    138.75
92.73    138.57
92.83    138.4
92.92    138.22
93.02    138.05
93.11    137.87
93.21    137.69
93.30    137.52
93.40    137.34
93.49    137.17
93.59    136.99
93.68    136.82
93.77    136.64
93.87    136.47
93.96    136.29
94.05    136.11
94.14    135.94
94.24    135.76
94.33    135.59
94.42    135.41
94.51    135.24
94.60    135.06
94.69    134.89
94.78    134.71
94.87    134.54
94.96    134.36
95.05    134.18
95.14    134.01
95.23    133.83
95.31    133.66
95.40    133.48
95.49    133.31
95.58    133.13
95.67    132.96
95.75    132.78
95.84    132.6
95.93    132.43
96.01    132.25
96.10    132.08
96.18    131.9
96.27    131.73
96.35    131.55
96.44    131.38
96.52    131.2
96.61    131.03
96.69    130.85
96.77    130.67
96.86    130.5
96.94    130.32
97.02    130.15
97.10    129.97
97.19    129.8
97.27    129.62
97.35    129.45
97.43    129.27
97.51    129.09
97.59    128.92
97.67    128.74
97.75    128.57
97.83    128.39
97.91    128.22
97.99    128.04
98.07    127.87
98.15    127.69
98.23    127.52
98.31    127.34
98.39    127.16
98.47    126.99
98.54    126.81
98.62    126.64
98.70    126.46
98.78    126.29
98.85    126.11
98.93    125.94
99.00    125.76
99.08    125.58
99.16    125.41
99.23    125.23
99.31    125.06
99.38    124.88
99.46    124.71
99.53    124.53
99.61    124.36
99.68    124.18
99.75    124.01
99.83    123.83
99.90    123.65
99.97    123.48
100.05    123.3
100.12    123.13
100.19    122.95
100.26    122.78
100.34    122.6
100.41    122.43
100.48    122.25
100.55    122.07
100.62    121.9
100.69    121.72
100.76    121.55
100.83    121.37
100.90    121.2
100.97    121.02
101.04    120.85
101.11    120.67
101.18    120.5
101.25    120.32
101.32    120.14
101.39    119.97
101.45    119.79
101.52    119.62
101.59    119.44
101.66    119.27
101.72    119.09
101.79    118.92
101.86    118.74
101.92    118.56
101.99    118.39
102.06    118.21
102.12    118.04
102.19    117.86
102.25    117.69
102.32    117.51
102.38    117.34
102.45    117.16
102.51    116.99
102.58    116.81
102.64    116.63
102.71    116.46
102.77    116.28
102.83    116.11
102.90    115.93
102.96    115.76
103.02    115.58
103.09    115.41
103.15    115.23
103.21    115.05
103.27    114.88
103.33    114.7
103.40    114.53
103.46    114.35
103.52    114.18
103.58    114
103.64    113.83
103.70    113.65
103.76    113.47
103.82    113.3
103.88    113.12
103.94    112.95
104.00    112.77
104.06    112.6
104.12    112.42
104.18    112.25
104.24    112.07
104.30    111.9
104.35    111.72
104.41    111.54
104.47    111.37
104.53    111.19
104.59    111.02
104.64    110.84
104.70    110.67
104.76    110.49
104.81    110.32
104.87    110.14
104.93    109.96
104.98    109.79
105.04    109.61
105.10    109.44
105.15    109.26
105.21    109.09
105.26    108.91
105.32    108.74
105.37    108.56
105.43    108.39
105.48    108.21
105.53    108.03
105.59    107.86
105.64    107.68
105.70    107.51
105.75    107.33
105.80    107.16
105.86    106.98
105.91    106.81
105.96    106.63
106.01    106.45
106.07    106.28
106.12    106.1
106.17    105.93
106.22    105.75
106.27    105.58
106.33    105.4
106.38    105.23
106.43    105.05
106.48    104.88
106.53    104.7
106.58    104.52
106.63    104.35
106.68    104.17
106.73    104
106.78    103.82
106.83    103.65
106.88    103.47
106.93    103.3
106.98    103.12
107.03    102.94
107.08    102.77
107.13    102.59
107.17    102.42
107.22    102.24
107.27    102.07
107.32    101.89
107.37    101.72
107.41    101.54
107.46    101.37
107.51    101.19
107.56    101.01
107.60    100.84
107.65    100.66
107.70    100.49
107.74    100.31
107.79    100.14
107.83    99.96
107.88    99.79
107.93    99.61
107.97    99.43
108.02    99.26
108.06    99.08
108.11    98.91
108.15    98.73
108.20    98.56
108.24    98.38
108.28    98.21
108.33    98.03
108.37    97.86
108.42    97.68
108.46    97.5
108.50    97.33
108.55    97.15
108.59    96.98
108.63    96.8
108.68    96.63
108.72    96.45
108.76    96.28
108.80    96.1
108.85    95.92
108.89    95.75
108.93    95.57
108.97    95.4
109.01    95.22
109.06    95.05
109.10    94.87
109.14    94.7
109.18    94.52
109.22    94.35
109.26    94.17
109.30    93.99
109.34    93.82
109.38    93.64
109.42    93.47
109.46    93.29
109.50    93.12
109.54    92.94
109.58    92.77
109.62    92.59
109.66    92.41
109.70    92.24
109.74    92.06
109.77    91.89
109.81    91.71
109.85    91.54
109.89    91.36
109.93    91.19
109.97    91.01
110.00    90.84
110.04    90.66
110.08    90.48
110.12    90.31
110.15    90.13
110.19    89.96
110.23    89.78
110.26    89.61
110.30    89.43
110.34    89.26
110.37    89.08
110.41    88.9
110.45    88.73
110.48    88.55
110.52    88.38
110.55    88.2
110.59    88.03
110.62    87.85
110.66    87.68
110.69    87.5
110.73    87.33
110.76    87.15
110.80    86.97
110.83    86.8
110.87    86.62
110.90    86.45
110.93    86.27
110.97    86.1
111.00    85.92
111.04    85.75
111.07    85.57
111.10    85.39
111.14    85.22
111.17    85.04
111.20    84.87
111.23    84.69
111.27    84.52
111.30    84.34
111.33    84.17
111.36    83.99
111.40    83.81
111.43    83.64
111.46    83.46
111.49    83.29
111.52    83.11
111.56    82.94
111.59    82.76
111.62    82.59
111.65    82.41
111.68    82.24
111.71    82.06
111.74    81.88
111.77    81.71
111.80    81.53
111.83    81.36
111.86    81.18
111.89    81.01
111.92    80.83
111.95    80.66
111.98    80.48
112.01    80.3
112.04    80.13
112.07    79.95
112.10    79.78
112.13    79.6
112.16    79.43
112.19    79.25
112.21    79.08
112.24    78.9
112.27    78.73
112.30    78.55
112.33    78.37
112.35    78.2
112.38    78.02
112.41    77.85
112.44    77.67
112.47    77.5
112.49    77.32
112.52    77.15
112.55    76.97
112.57    76.79
112.60    76.62
112.63    76.44
112.65    76.27
112.68    76.09
112.71    75.92
112.73    75.74
112.76    75.57
112.79    75.39
112.81    75.22
112.84    75.04
112.86    74.86
112.89    74.69
112.91    74.51
112.94    74.34
112.96    74.16
112.99    73.99
113.01    73.81
113.04    73.64
113.06    73.46
113.09    73.28
113.11    73.11
113.14    72.93
113.16    72.76
113.19    72.58
113.21    72.41
113.23    72.23
113.26    72.06
113.28    71.88
113.30    71.71
113.33    71.53
113.35    71.35
113.37    71.18
113.40    71
113.42    70.83
113.44    70.65
113.47    70.48
113.49    70.3
113.51    70.13
113.53    69.95
113.56    69.77
113.58    69.6
113.60    69.42
113.62    69.25
113.65    69.07
113.67    68.9
113.69    68.72
113.71    68.55
113.73    68.37
113.75    68.2
113.77    68.02
113.80    67.84
113.82    67.67
113.84    67.49
113.86    67.32
113.88    67.14
113.90    66.97
113.92    66.79
113.94    66.62
113.96    66.44
113.98    66.26
114.00    66.09
114.02    65.91
114.04    65.74
114.06    65.56
114.08    65.39
114.10    65.21
114.12    65.04
114.14    64.86
114.16    64.69
114.18    64.51
114.20    64.33
114.22    64.16
114.24    63.98
114.25    63.81
114.27    63.63
114.29    63.46
114.31    63.28
114.33    63.11
114.35    62.93
114.37    62.75
114.38    62.58
114.40    62.4
114.42    62.23
114.44    62.05
114.45    61.88
114.47    61.7
114.49    61.53
114.51    61.35
114.53    61.18
114.54    61
114.56    60.82
114.58    60.65
114.59    60.47
114.61    60.3
114.63    60.12
114.64    59.95
114.66    59.77
114.68    59.6
114.69    59.42
114.71    59.24
114.73    59.07
114.74    58.89
114.76    58.72
114.77    58.54
114.79    58.37
114.81    58.19
114.82    58.02
114.84    57.84
114.85    57.66
114.87    57.49
114.88    57.31
114.90    57.14
114.91    56.96
114.93    56.79
114.94    56.61
114.96    56.44
114.97    56.26
114.99    56.09
115.00    55.91
115.02    55.73
115.03    55.56
115.05    55.38
115.06    55.21
115.08    55.03
115.09    54.86
115.10    54.68
115.12    54.51
115.13    54.33
115.15    54.15
115.16    53.98
115.17    53.8
115.19    53.63
115.20    53.45
115.21    53.28
115.23    53.1
115.24    52.93
115.25    52.75
115.27    52.58
115.28    52.4
115.29    52.22
115.31    52.05
115.32    51.87
115.33    51.7
115.34    51.52
115.36    51.35
115.37    51.17
115.38    51
115.39    50.82
115.40    50.64
115.42    50.47
115.43    50.29
115.44    50.12
115.45    49.94
115.46    49.77
115.48    49.59
115.49    49.42
115.50    49.24
115.51    49.07
115.52    48.89
115.53    48.71
115.55    48.54
115.56    48.36
115.57    48.19
115.58    48.01
115.59    47.84
115.60    47.66
115.61    47.49
115.62    47.31
115.63    47.13
115.64    46.96
115.65    46.78
115.67    46.61
115.68    46.43
115.69    46.26
115.70    46.08
115.71    45.91
115.72    45.73
115.73    45.56
115.74    45.38
115.75    45.2
115.76    45.03
115.77    44.85
115.78    44.68
115.79    44.5
115.80    44.33
115.81    44.15
115.81    43.98
115.82    43.8
115.83    43.62
115.84    43.45
115.85    43.27
115.86    43.1
115.87    42.92
115.88    42.75
115.89    42.57
115.90    42.4
115.91    42.22
115.91    42.05
115.92    41.87
115.93    41.69
115.94    41.52
115.95    41.34
115.96    41.17
115.97    40.99
115.97    40.82
115.98    40.64
115.99    40.47
116.00    40.29
116.01    40.11
116.02    39.94
116.02    39.76
116.03    39.59
116.04    39.41
116.05    39.24
116.05    39.06
116.06    38.89
116.07    38.71
116.08    38.54
116.09    38.36
116.09    38.18
116.10    38.01
116.11    37.83
116.11    37.66
116.12    37.48
116.13    37.31
116.14    37.13
116.14    36.96
116.15    36.78
116.16    36.6
116.16    36.43
116.17    36.25
116.18    36.08
116.19    35.9
116.19    35.73
116.20    35.55
116.21    35.38
116.21    35.2
116.22    35.03
116.22    34.85
116.23    34.67
116.24    34.5
116.24    34.32
116.25    34.15
116.26    33.97
116.26    33.8
116.27    33.62
116.27    33.45
116.28    33.27
116.29    33.09
116.29    32.92
116.30    32.74
116.30    32.57
116.31    32.39
116.32    32.22
116.32    32.04
116.33    31.87
116.33    31.69
116.34    31.52
116.34    31.34
116.35    31.16
116.36    30.99
116.36    30.81
116.37    30.64
116.37    30.46
116.38    30.29
116.38    30.11
116.39    29.94
116.39    29.76
116.40    29.58
116.40    29.41
116.41    29.23
116.41    29.06
116.42    28.88
116.42    28.71
116.43    28.53
116.43    28.36
116.44    28.18
116.44    28
116.45    27.83
116.45    27.65
116.46    27.48
116.46    27.3
116.47    27.13
116.47    26.95
116.48    26.78
116.48    26.6
116.49    26.43
116.49    26.25
116.50    26.07
116.50    25.9
116.50    25.72
116.51    25.55
116.51    25.37
116.52    25.2
116.52    25.02
116.53    24.85
116.53    24.67
116.54    24.49
116.54	24.4
116.54	24.31
116.54	24.22
116.55	24.13
116.55	24.04
116.55	23.95
116.55    24.0
