90  51.175  0.125   400
7.506   52.31963067 0.129   400.5
90  52.31963067 0.125   401.016
90  52.31963067 0.125   401.516
8.162   57.07594251 0.126   402.016
90  57.07594251 0.125   402.52
90  57.07594251 0.125   403.02
8.203   57.57459605 0.126   403.52
90  57.57459605 0.125   404.024
90  57.57459605 0.125   404.524
10.819  76.02655683 0.126   405.024
90  76.02655683 0.125   405.528
90  51.175  0.125   406.028
6.651   47.0831418  0.12563 406.528
90  47.0831418  0.125   407.03052
90  47.0831418  0.125   407.53052
7.697   54.64696838 0.12639 408.03052
90  54.64696838 0.125   408.53608
90  54.64696838 0.125   409.03608
8.368   59.59712443 0.12645 409.53608
90  59.59712443 0.125   410.04188
90  59.59712443 0.125   410.54188
11.128  79.333121   0.12641 411.04188
90  79.333121   0.125   411.54752
90  51.175  0.125   412.04752
7.812   56.07446586 0.12908 412.54752
90  56.07446586 0.125   413.06384
90  56.07446586 0.125   413.56384
8.493   61.1489722  0.12882 414.06384
90  61.1489722  0.125   414.57912
90  61.1489722  0.125   415.07912
11.291  81.37007246 0.12603 415.57912
90  81.37007246 0.125   416.08324
90  81.37007246 0.125   416.58324
11.346  82.05242648 0.1256  417.08324
90  82.05242648 0.125   417.58564
90  51.175  0.125   418.08564
6.92    50.4351502  0.12666 418.58564
90  50.4351502  0.125   419.09228
90  50.4351502  0.125   419.59228
8.006   58.51224565 0.12682 420.09228
90  58.51224565 0.125   420.59956
90  58.51224565 0.125   421.09956
11.51   84.1226247  0.12617 421.59956
90  84.1226247  0.125   422.10424
90  84.1226247  0.125   422.60424
11.564  84.81947976 0.12574 423.10424
90  84.81947976 0.125   423.6072
