16.442384   46              0.17921146953405018 422.3584229 0.0      
90.0        383.8513154     0.17921146953405018 422.7168459 35.741344
90.0        388.2726464     0.17921146953405018 423.0752688 31.027928
13.49051    46.03829324     0.17921146953405018 423.4336918 0.0      
90.0        392.4894765     0.17921146953405018 423.7921147 23.315971
13.090839   46.07959178     0.17921146953405018 424.1505376 0.0      
90.0        396.1819663     0.17921146953405018 424.5089606 15.916149
14.161584   46.12224755     0.17921146953405018 424.8673835 0.0      
13.094942   46.16354608     0.17921146953405018 425.2258065 0.0      
90.0        397.8721701     0.17921146953405018 425.5842294 15.979313
14.198107   46.20620185     0.17921146953405018 425.9426523 0.0      
90.0        402.1608389     0.17921146953405018 426.3010753 4.777226 
90.0        402.1608389     0.17921146953405018 426.6594982 5.557515 
41.077012   221.7696492     0.17921146953405018 427.0179211 0.0      
15.962882   46.24750039     0.17921146953405018 427.3763441 0.0      
90.0        402.8839747     0.17921146953405018 427.734767  5.650455 
43.206051   233.2448532     0.17921146953405018 428.09319   0.0      
14.198914   46.28695697     0.17921146953405018 428.4516129 0.0      
90.0        403.6109923     0.17921146953405018 428.8100358 4.803705 
15.887909   46.32854634     0.17921146953405018 429.1684588 0.0      
90.0        404.5557877     0.17921146953405018 429.5268817 3.97718  
15.383049   46.36780904     0.17921146953405018 429.8853047 0.0      
90.0        402.9988736     0.17921146953405018 430.2437276 11.967568
90.0        404.9938722     0.17921146953405018 430.6021505 3.20109  
46.267773   252.518581      0.17921146953405018 430.9605735 0.0      
14.790312   46.40813812     0.17921146953405018 431.3189964 0.0      
90.0        385.1654818     0.17921146953405018 431.6774194 41.041695
14.601795   46.44924277     0.17921146953405018 432.0358423 0.0      
90.0        405.8268462     0.17921146953405018 432.3942652 5.533262 
34.818607   188.9553031     0.17921146953405018 432.7526882 0.0      
48.351761   264.4214967     0.17921146953405018 433.1111111 0.0      
47.452692   260.7713392     0.17921146953405018 433.4695341 0.0      
12.842914   46.48986269     0.17921146953405018 433.827957  0.0      
23.569653   114.3469152     0.17921146953405018 434.1863799 0.0      
15.393411   46.53242152     0.17921146953405018 434.5448029 0.0      
90.0        406.630951      0.17921146953405018 434.9032258 11.697807
90.0        409.3419725     0.17921146953405018 435.2616487 2.234916 
15.33477    46.5708117      0.17921146953405018 435.6200717 0.0      
90.0        406.9897337     0.17921146953405018 435.9784946 12.295416
14.823024   46.61143163     0.17921146953405018 436.3369176 0.0      
90.0        390.0912118     0.17921146953405018 436.6953405 41.263135
90.0        401.7284316     0.17921146953405018 437.0537634 23.738125
16.497608   66.46095127     0.17921146953405018 437.4121864 0.0      
90.0        392.0946431     0.17921146953405018 437.7706093 39.110342
15.316197   46.65050043     0.17921146953405018 438.1290323 0.0      
90.0        400.0497788     0.17921146953405018 438.4874552 28.66345 
25.362037   131.219473      0.17921146953405018 438.8458781 0.0      
90.0        397.5328874     0.17921146953405018 439.2043011 33.125134
51.754633   288.5721219     0.17921146953405018 439.562724  0.0      
53.082323   292.1465912     0.17921146953405018 439.921147  0.0      
15.833985   46.69112035     0.17921146953405018 440.2795699 0.0      
16.636468   70.54694063     0.17921146953405018 440.6379928 0.0      
90.0        414.4896841     0.17921146953405018 440.9964158 1.830978 
15.812723   46.73115861     0.17921146953405018 441.3548387 0.0      
90.0        407.5794809     0.17921146953405018 441.7132616 21.174515
90.0        406.3279632     0.17921146953405018 442.0716846 23.324551
16.609356   70.60177451     0.17921146953405018 442.4301075 0.0      
90.0        409.1835187     0.17921146953405018 442.7885305 18.228814
14.397206   46.77139075     0.17921146953405018 443.1469534 0.0      
90.0        410.714592      0.17921146953405018 443.5053763 17.234426
16.120911   66.66935865     0.17921146953405018 443.8637993 0.0      
90.0        412.1789371     0.17921146953405018 444.2222222 14.863661
55.719889   311.4145213     0.17921146953405018 444.5806452 0.0      
12.695602   46.81259234     0.17921146953405018 444.9390681 0.0      
90.0        412.931378      0.17921146953405018 445.297491  13.721878
21.505652   107.4130881     0.17921146953405018 445.655914  0.0      
90.0        418.2604069     0.17921146953405018 446.0143369 0.115888 
90.0        417.3726287     0.17921146953405018 446.3727599 4.679855 
90.0        416.398739      0.17921146953405018 446.7311828 5.428513 
15.596163   46.8716318      0.17921146953405018 447.0896057 0.0      
90.0        416.7664741     0.17921146953405018 447.4480287 5.223619 
22.362149   111.7973558     0.17921146953405018 447.8064516 0.0      
90.0        419.1205179     0.17921146953405018 448.1648746 3.226621 
13.114438   46.91283339     0.17921146953405018 448.5232975 0.0      
90.0        418.5194651     0.17921146953405018 448.8817204 4.670402 
13.753339   46.96954617     0.17921146953405018 449.2401434 0.0      
90.0        418.8869935     0.17921146953405018 449.5985663 5.499459 
90.0        418.8869935     0.17921146953405018 449.9569892 4.083779 
13.961582   47.02092698     0.17921146953405018 450.3154122 0.0      
90.0        419.2590112     0.17921146953405018 450.6738351 4.880193 
13.774689   47.07385891     0.17921146953405018 451.0322581 0.0      
90.0        420.6742808     0.17921146953405018 451.390681  0.26942  
90.0        419.6245703     0.17921146953405018 451.7491039 4.764505 
13.957625   47.12582139     0.17921146953405018 452.1075269 0.0      
90.0        422.2297625     0.17921146953405018 452.4659498 0.18003  
14.54759    47.17865637     0.17921146953405018 452.8243728 0.0      
90.0        421.4345011     0.17921146953405018 453.1827957 2.223713 
14.558177   47.22615938     0.17921146953405018 453.5412186 0.0      
90.0        421.8024507     0.17921146953405018 453.8996416 0.816849 
90.0        421.8024507     0.17921146953405018 454.2580645 1.607278 
14.372303   47.27366239     0.17921146953405018 454.6164875 0.0      
90.0        422.1689716     0.17921146953405018 454.9749104 2.970315 
14.565523   47.32038985     0.17921146953405018 455.3333333 0.0      
90.0        423.7742005     0.17921146953405018 455.6917563 0.321772 
90.0        423.7742005     0.17921146953405018 456.0501792 0.308858 